max_depth,n_trees,early_stopping,col_sample,l,a,p,r,f
4,500,5,0.5,0.233108638929,0.945527766003,0.98402793995,0.916836345126,0.949067250927
4,500,5,0.75,0.274817990242,0.940193584852,0.974945396644,0.915754644948,0.944359925037
4,500,10,0.5,0.134520302794,0.956125476897,0.982660008951,0.937515907356,0.959552556162
4,500,10,0.75,0.148428437414,0.950190758796,0.979167179115,0.930071264953,0.953987476843
4,500,20,0.5,0.143149503705,0.954783100184,0.983392137775,0.934334436243,0.958231949826
4,500,20,0.75,0.26287628744,0.836583298008,0.934461986697,0.726648002036,0.764049850182
4,1000,5,0.5,0.25314079948,0.948707079271,0.982402982745,0.924217358106,0.952225912852
4,1000,5,0.75,0.157949919273,0.955277660025,0.980163804756,0.938406719267,0.958761655375
4,1000,10,0.5,0.109125294465,0.965098205454,0.984924039838,0.951705268516,0.968023304324
4,1000,10,0.75,0.195056316498,0.954783100184,0.977853436107,0.939742937134,0.958353576939
4,1000,20,0.5,0.104779118477,0.966440582168,0.984450615462,0.954632221939,0.969307524841
4,1000,20,0.75,0.0997491794633,0.964956902642,0.98370483127,0.95265970985,0.967928481885
4,2000,5,0.5,0.221983279877,0.85011304225,0.97580596896,0.742237210486,0.76454413628
4,2000,5,0.75,0.0820367221298,0.968878055673,0.982757611492,0.960804275897,0.971652070048
4,2000,10,0.5,0.0844654268341,0.969301964109,0.984721853132,0.959595316875,0.971996126514
4,2000,10,0.75,0.22793804498,0.849371202487,0.942693247471,0.744273351998,0.774366504769
4,2000,20,0.5,0.0838588607631,0.970361735199,0.984880504563,0.961376940697,0.972985133555
4,2000,20,0.75,0.08173215654,0.969231312703,0.984338793711,0.959849834564,0.971938159196
5,500,5,0.5,0.123032547035,0.958562950403,0.982291887107,0.942351743446,0.961904933101
5,500,5,0.75,0.12105015167,0.956937968066,0.980897708258,0.94076100789,0.960406380937
5,500,10,0.5,0.126021979158,0.960788469691,0.984350831937,0.944387884958,0.963952685496
5,500,10,0.75,0.121446551829,0.956584711036,0.981456901479,0.939552048867,0.960044333581
5,500,20,0.5,0.206924987229,0.957962413452,0.984295278549,0.939297531178,0.961219872604
5,500,20,0.75,0.331297890894,0.83969195987,0.945403685719,0.730020361415,0.768835812439
5,1000,5,0.5,0.131398995676,0.96255475484,0.984159043679,0.947823873759,0.965610209765
5,1000,5,0.75,0.218462420261,0.847922848665,0.946682959302,0.743955204887,0.775797490338
5,1000,10,0.5,0.0926403345512,0.966970467712,0.984338154857,0.955713922118,0.969813786913
5,1000,10,0.75,0.0905366085605,0.967005793415,0.982822818908,0.957304657674,0.969890877232
5,1000,20,0.5,0.0921137322039,0.967076444821,0.984537703304,0.955713922118,0.969909985092
5,1000,20,0.75,0.0890069525185,0.967288399039,0.985043919424,0.955586663273,0.970090349504
5,2000,5,0.5,0.0763883103713,0.97120955207,0.987055008676,0.960740646475,0.973718102732
5,2000,5,0.75,0.0709400761473,0.973081814328,0.987737014262,0.963476711631,0.975454879141
5,2000,10,0.5,0.0784404725291,0.969973152466,0.985054596144,0.960486128786,0.972611744262
5,2000,10,0.75,0.22512015149,0.85272714427,0.948108401123,0.751018070756,0.781866148923
5,2000,20,0.5,0.0766791427152,0.972128020348,0.98594134825,0.963540341054,0.974610184699
5,2000,20,0.75,0.0752061640496,0.971032923555,0.985654504725,0.961822346653,0.973588962559
max_depth,n_trees,early_stopping,col_sample,l,a,p,r,f
max_depth,n_trees,early_stopping,col_sample,l,a,p,r,f
6,500,5,0.5,0.162010809672,0.958492298997,0.984101510907,0.940442860779,0.96176241582
6,500,5,0.75,0.110353596873,0.960223258443,0.981839044879,0.94585136167,0.963507524092
6,500,10,0.5,0.116684285876,0.961706937968,0.984445452253,0.945978620514,0.964820790401
6,500,10,0.75,0.107292578373,0.96149498375,0.982962932505,0.947060320692,0.964672900433
6,500,20,0.5,0.112591569456,0.963367246008,0.985074728123,0.948396538559,0.966381842752
6,500,20,0.75,0.111680269684,0.960152607037,0.981902031314,0.945660473403,0.963436403366
6,1000,5,0.5,0.129929353213,0.964285714286,0.985268365604,0.949860015271,0.967210727566
6,1000,5,0.75,0.13082860726,0.965098205454,0.982804514528,0.95380503945,0.96806726432
6,1000,10,0.5,0.0821757127223,0.969090009891,0.987333679581,0.956604734029,0.971718922085
6,1000,10,0.75,0.156806093538,0.962943337572,0.983179189281,0.949478238738,0.966001187365
6,1000,20,0.5,0.0843957459219,0.968666101455,0.985219224765,0.957940951896,0.971385660277
6,1000,20,0.75,0.0897133356842,0.965663416702,0.98521280531,0.952468821583,0.968554644664
6,2000,5,0.5,0.0980789557949,0.967747633178,0.985688080444,0.95577755154,0.970485315074
6,2000,5,0.75,0.113581291563,0.96552211389,0.983359544849,0.953995927717,0.968432631701
6,2000,10,0.5,0.0737727033853,0.970609015119,0.985900118046,0.960804275897,0.973188917237
6,2000,10,0.75,0.0697471919592,0.972022043239,0.985932069584,0.963349452787,0.974507777306
6,2000,20,0.5,0.0792058001165,0.972693231595,0.988363432025,0.962140493764,0.975071046389
6,2000,20,0.75,0.355946878266,0.737494701145,0.918847500022,0.544604224994,0.597314595258
7,500,5,0.5,0.10527949465,0.964073760068,0.985546126312,0.949223721049,0.967031035795
7,500,5,0.75,0.100426560203,0.965663416702,0.985070540445,0.952596080428,0.968556534597
7,500,10,0.5,0.11819064503,0.963437897414,0.985518743828,0.948078391448,0.966434186431
7,500,10,0.75,0.103596155558,0.963685177335,0.984306094974,0.949732756427,0.96670747703
7,500,20,0.5,0.118534404407,0.963367246008,0.986608943365,0.946869432426,0.966329232458
7,500,20,0.75,0.102048865328,0.964674297019,0.98529139199,0.950559938916,0.967612162092
7,1000,5,0.5,0.184143805109,0.964321039989,0.987393403858,0.947823873759,0.967155693631
7,1000,5,0.75,0.372096321774,0.847640243041,0.945029048555,0.745355052176,0.784780760734
7,1000,10,0.5,0.156882340813,0.965380811078,0.98620767419,0.950941715449,0.968211456919
7,1000,10,0.75,0.0816372191693,0.968630775752,0.985529158447,0.957559175363,0.971338582511
7,1000,20,0.5,0.0843773506126,0.967465027554,0.984735392955,0.956222957496,0.97026909007
7,1000,20,0.75,0.08425088768,0.968383495832,0.986605889866,0.956032069229,0.971076506772
7,2000,5,0.5,0.102454067616,0.968560124346,0.988717072085,0.954250445406,0.971156563179
7,2000,5,0.75,0.0722476332486,0.972693231595,0.986969554972,0.963540341054,0.975108669584
7,2000,10,0.5,0.116524848238,0.966016673732,0.987309160386,0.951005344871,0.96879615619
7,2000,10,0.75,0.0743449215619,0.970467712307,0.986023421241,0.960422499364,0.973053796194
7,2000,20,0.5,0.141914141419,0.967641656069,0.987796959674,0.953486892339,0.970298743176
7,2000,20,0.75,0.0758484243034,0.970149780981,0.986781428292,0.959086281497,0.972729581609
5,3000,5,0.5,0.186684899579,0.963543874523,0.987461623278,0.946360397048,0.966259857084
5,3000,5,0.75,0.122218779564,0.96456831991,0.984259619183,0.951323491983,0.967431751306
5,3000,10,0.5,0.0863323693647,0.968984032782,0.984330131954,0.959404428608,0.971706645108
5,3000,10,0.75,0.0695510780528,0.972728557298,0.986527051269,0.964049376432,0.975156862628
5,3000,20,0.5,0.161124109327,0.966087325138,0.986295648198,0.95208704505,0.968779574163
5,3000,20,0.75,0.0701045017169,0.972834534407,0.986977094197,0.963794858743,0.975242791602
6,3000,5,0.5,0.0935810685248,0.968206867317,0.985125235125,0.957177398829,0.970943299885
6,3000,5,0.75,0.0751634179372,0.971315529179,0.9840884705,0.963922117587,0.973899213401
6,3000,10,0.5,0.0925301366645,0.968524798643,0.986419340019,0.956477475185,0.971201063812
6,3000,10,0.75,0.115371265569,0.968348170129,0.986647992895,0.955904810384,0.971013307877
6,3000,20,0.5,0.0745962783987,0.971739437615,0.986369690654,0.962395011453,0.974234591013
6,3000,20,0.75,0.0726421698386,0.972163346051,0.987844759836,0.961695087809,0.974591792315
7,3000,5,0.5,0.0900479829124,0.96884272997,0.987964090555,0.955523033851,0.971459633333
7,3000,5,0.75,0.0770435487619,0.970714992228,0.986853713696,0.96004072283,0.973262195258
7,3000,10,0.5,0.106206388457,0.969831849654,0.987341548355,0.957940951896,0.972405383299
7,3000,10,0.75,0.0762462540447,0.969937826763,0.986836333747,0.958640875541,0.972530499283
7,3000,20,0.5,0.0717790424713,0.972763883001,0.987094311725,0.963540341054,0.975174983321
7,3000,20,0.75,0.0716530533413,0.971986717536,0.987395780209,0.961822346653,0.974439731225

