max_depth,n_trees,n_leaves,early_stopping,col_sample,l,a,p,r,f
4,500,25,5,0.5,0.499054562957,0.785572982902,0.738317732995,0.950814456605,0.831188797869
4,500,25,5,0.75,0.499849473359,0.785043097358,0.737756197386,0.950941715449,0.830873280188
4,500,25,5,1,0.497958219767,0.787021336725,0.744700545627,0.938152201578,0.83025187246
4,500,25,10,0.5,0.498218043377,0.785961565635,0.73924953855,0.949350979893,0.831226037786
4,500,25,10,0.75,0.499793549422,0.785219725873,0.740026853146,0.945278696869,0.830133282928
4,500,25,10,1,0.501672667073,0.785149074467,0.741220585638,0.941969966913,0.829584980939
4,500,25,20,0.5,0.500207473341,0.787303942348,0.739425763571,0.95265970985,0.832599734793
4,500,25,20,0.75,0.498623698876,0.78649145118,0.739553551751,0.949987274116,0.831663629654
4,500,25,20,1,0.502921505538,0.781899109792,0.738932358937,0.938979384067,0.826983627222
4,500,50,5,0.5,0.499878994186,0.783276812209,0.738704188585,0.94330618478,0.828558684571
4,500,50,5,0.75,0.498503125037,0.786067542744,0.73922983643,0.949669127004,0.831335385448
4,500,50,5,1,0.499117790928,0.784548537516,0.740784315096,0.941460931535,0.829089098454
4,500,50,10,0.5,0.501300061825,0.784230606189,0.738376037932,0.946869432426,0.829723409829
4,500,50,10,0.75,0.500624704523,0.783983326268,0.7397034279,0.942606261135,0.828913073555
4,500,50,10,1,0.49737610382,0.788328387735,0.743751753429,0.944069737847,0.832005859295
4,500,50,20,0.5,0.499794375767,0.783700720644,0.737182868902,0.948587426826,0.829624964918
4,500,50,20,0.75,0.498584459293,0.785219725873,0.738294162433,0.949923644693,0.830832353953
4,500,50,20,1,0.499024535399,0.785467005793,0.739379515898,0.947632985492,0.830632189582
4,500,100,5,0.5,0.499664763182,0.785007771655,0.73869621683,0.94814202087,0.830415759003
4,500,100,5,0.75,0.494974467499,0.789352833121,0.741535126947,0.95265970985,0.833935946398
4,500,100,5,1,0.501375514718,0.783488766426,0.741244036445,0.937261389667,0.827779633868
4,500,100,10,0.5,0.500569599119,0.783842023456,0.737171912759,0.949032832782,0.829790644633
4,500,100,10,0.75,0.499062408356,0.785467005793,0.739480095696,0.947314838381,0.830585857669
4,500,100,10,1,0.498702586551,0.785643634308,0.74017811707,0.945978620514,0.830501800731
4,500,100,20,0.5,0.49844627319,0.786880033913,0.740951884308,0.947378467804,0.831537265693
4,500,100,20,0.75,0.496926109774,0.787409919457,0.741160157296,0.948269279715,0.832015841973
4,500,100,20,1,0.497556343049,0.787091988131,0.740705783651,0.948587426826,0.831853166354
4,1000,25,5,0.5,0.455980871301,0.8092412039,0.764795294595,0.947951132604,0.846575563501
4,1000,25,5,0.75,0.456717314803,0.808923272573,0.763794518754,0.949478238738,0.846570097841
4,1000,25,5,1,0.452715667894,0.812349865762,0.767833883911,0.94896920336,0.848836039289
4,1000,25,10,0.5,0.460594851261,0.804366256889,0.76024226204,0.946042249936,0.84301420721
4,1000,25,10,0.75,0.459834713016,0.805708633602,0.761736278992,0.945978620514,0.843909737609
4,1000,25,10,1,0.45451701122,0.810830860534,0.766948363751,0.947060320692,0.847538164192
4,1000,25,20,0.5,0.457732988492,0.808252084216,0.765117700172,0.944642402647,0.845449345459
4,1000,25,20,0.75,0.459263785915,0.805461353681,0.761519361237,0.945787732247,0.843706568101
4,1000,25,20,1,0.458728743454,0.806839056097,0.762828279479,0.946360397048,0.844723255743
4,1000,50,5,0.5,0.458583834495,0.804330931186,0.759761236715,0.947060320692,0.843124232702
4,1000,50,5,0.75,0.460612246389,0.80426027978,0.759646518232,0.947123950115,0.843082861845
4,1000,50,5,1,0.457442049492,0.807368941642,0.762742190634,0.947887503181,0.845294216685
4,1000,50,10,0.5,0.459314287882,0.805779285008,0.763381143943,0.942224484602,0.843424309183
4,1000,50,10,0.75,0.458555814865,0.806839056097,0.762092073676,0.948078391448,0.844966283373
4,1000,50,10,1,0.455849977204,0.808110781405,0.76410339711,0.946678544159,0.845637383565
4,1000,50,20,0.5,0.458293193905,0.808110781405,0.763700845267,0.947632985492,0.845771162392
4,1000,50,20,0.75,0.460728801831,0.802423343225,0.758966736972,0.94387884958,0.841382125301
4,1000,50,20,1,0.458030337457,0.806839056097,0.762494438373,0.947187579537,0.844849921911
4,1000,100,5,0.5,0.456927431535,0.807262964533,0.763088824775,0.946805803003,0.845072815655
4,1000,100,5,0.75,0.45828199606,0.805178748057,0.760072687455,0.948587426826,0.843909571991
4,1000,100,5,1,0.457655977037,0.806697753285,0.762563262166,0.946551285314,0.844651962366
4,1000,100,10,0.5,0.458687073016,0.807156987424,0.764052376834,0.944260626114,0.84464769932
4,1000,100,10,0.75,0.459242674814,0.805673307899,0.76169914301,0.945914991092,0.843869875288
4,1000,100,10,1,0.457165718609,0.807898827187,0.763952531438,0.94642402647,0.84545040462
4,1000,100,20,0.5,0.457633378948,0.80627384485,0.762706554356,0.945151438025,0.844178821853
4,1000,100,20,0.75,0.460481921502,0.804330931186,0.761004468461,0.944069737847,0.842702247698
4,1000,100,20,1,0.456651496881,0.808852621167,0.765306749749,0.945724102825,0.846001011247
4,2000,25,5,0.5,0.412826378423,0.830895859828,0.789582752321,0.948078391448,0.861596540274
4,2000,25,5,0.75,0.413888840311,0.829482831708,0.79015163594,0.943433443624,0.860012575337
4,2000,25,5,1,0.415165355841,0.829694785926,0.790366720743,0.943497073047,0.860168071977
4,2000,25,10,0.5,0.413467636503,0.829376854599,0.789264748457,0.94502417918,0.860139315638
4,2000,25,10,0.75,0.414314160026,0.828705666243,0.786502040963,0.949096462204,0.860181325671
4,2000,25,10,1,0.411233127346,0.830012717253,0.78945624682,0.946169508781,0.860731742808
4,2000,25,20,0.5,0.41765211499,0.828069803589,0.786008862562,0.948587426826,0.859671760549
4,2000,25,20,0.75,0.413749792836,0.82927087749,0.788588866172,0.946105879359,0.860194144366
4,2000,25,20,1,0.414695722226,0.828917620461,0.788833745697,0.944769661491,0.859786282684
4,2000,50,5,0.5,0.41338179165,0.830154020065,0.789954978683,0.945469585136,0.860743990081
4,2000,50,5,0.75,0.415456760721,0.829306203193,0.787926986475,0.947696614915,0.860439621853
4,2000,50,5,1,0.416984698773,0.827363289529,0.786719840196,0.945342326292,0.858760782814
4,2000,50,10,0.5,0.411699035075,0.831743676699,0.790612758081,0.948014762026,0.862186159904
4,2000,50,10,0.75,0.41556307818,0.827327963826,0.787472983663,0.943687961313,0.858526398947
4,2000,50,10,1,0.414870604233,0.828105129292,0.78770523007,0.945087808603,0.859247529021
4,2000,50,20,0.5,0.413987788493,0.82796382648,0.787367562034,0.945469585136,0.859197522382
4,2000,50,20,0.75,0.414563207616,0.828211106401,0.788328495016,0.944069737847,0.859194415339
4,2000,50,20,1,0.412235022069,0.831178465451,0.789642878571,0.948651056248,0.861867582652
4,2000,100,5,0.5,0.414206601722,0.829836088738,0.789745378785,0.945151438025,0.86048237347
4,2000,100,5,0.75,0.416181177012,0.829058923273,0.788656663422,0.945469585136,0.859964518627
4,2000,100,5,1,0.414719253631,0.827857849371,0.787543229518,0.944833290914,0.859041596933
4,2000,100,10,0.5,0.41879740184,0.825102444539,0.785657571857,0.941969966913,0.856739252249
4,2000,100,10,0.75,0.409532502187,0.833615938957,0.793258859479,0.947187579537,0.863413449809
4,2000,100,10,1,0.412811005283,0.830436625689,0.789684456357,0.946742173581,0.861104727616
4,2000,100,20,0.5,0.416129108799,0.827504592341,0.786500343294,0.946169508781,0.858971341244
4,2000,100,20,0.75,0.416085238553,0.828423060619,0.788573927972,0.944069737847,0.859338006015
4,2000,100,20,1,0.411960034321,0.831567048184,0.791818753419,0.945087808603,0.86168859075
4,3000,25,5,0.5,0.395115994747,0.837254486364,0.797741454376,0.94699669127,0.865970285116
4,3000,25,5,0.75,0.393275465744,0.838314257454,0.799907171138,0.945215067447,0.866509743074
4,3000,25,5,1,0.385416394205,0.844602232584,0.808022480995,0.944515143802,0.870951054297
4,3000,25,10,0.5,0.388776712699,0.841422919316,0.803455942751,0.945724102825,0.86880242673
4,3000,25,10,0.75,0.391466326844,0.840363148227,0.802056737585,0.945914991092,0.868062596116
4,3000,25,10,1,0.391769149166,0.840292496821,0.80225664683,0.945342326292,0.867941079771
4,3000,25,20,0.5,0.392215372438,0.838667514484,0.800694487986,0.944578773225,0.866693091213
4,3000,25,20,0.75,0.390233393386,0.839126748622,0.799969788346,0.947060320692,0.86731514962
4,3000,25,20,1,0.388758042227,0.842906598841,0.805950552184,0.94445151438,0.869718644934
4,3000,50,5,0.5,0.387262768973,0.844142998446,0.805946329063,0.947378467804,0.870957049916
4,3000,50,5,0.75,0.390029187527,0.841281616504,0.803638171358,0.94502417918,0.868614970761
4,3000,50,5,1,0.39165712251,0.839515331355,0.801856874457,0.944260626114,0.867251025049
4,3000,50,10,0.5,0.389546075215,0.839868588385,0.802005129231,0.944833290914,0.867573574003
4,3000,50,10,0.75,0.388455732706,0.840822382365,0.80245847876,0.946233138203,0.868434400629
4,3000,50,10,1,0.384384235648,0.845591352268,0.807373775319,0.948078391448,0.872083988153
4,3000,50,20,0.5,0.389228409614,0.841634873534,0.804072652642,0.94502417918,0.868865783119
4,3000,50,20,0.75,0.387000529216,0.84205878197,0.803607196479,0.946933061848,0.869402074348
4,3000,50,20,1,0.390143361992,0.839833262682,0.802620626329,0.943560702469,0.86739737282
4,3000,100,5,0.5,0.391006249469,0.840080542603,0.800704198846,0.947887503181,0.868099740175
4,3000,100,5,0.75,0.38778609462,0.841528896425,0.802998376573,0.946869432426,0.869015322071
4,3000,100,5,1,0.389941455907,0.840221845415,0.802085132072,0.945533214558,0.867913754493
4,3000,100,10,0.5,0.390037999216,0.841140313692,0.803541910358,0.944896920336,0.868500628763
4,3000,100,10,0.75,0.390493288393,0.838808817295,0.801472720651,0.943369814202,0.866639025207
4,3000,100,10,1,0.387053328523,0.842164759079,0.80377704752,0.946869432426,0.869474035457
4,3000,100,20,0.5,0.390677684275,0.840292496821,0.801350139848,0.947123950115,0.868158260709
4,3000,100,20,0.75,0.386572643226,0.844390278367,0.806857042934,0.946233138203,0.871001895297
4,3000,100,20,1,0.386784955289,0.842729970326,0.804376104036,0.947060320692,0.869898547602
5,500,25,5,0.5,0.486907195395,0.792072912251,0.745527771551,0.949669127004,0.835293886362
5,500,25,5,0.75,0.483503196409,0.794616362866,0.750213596456,0.944833290914,0.836302632797
5,500,25,5,1,0.482253670297,0.795605482549,0.754205578428,0.937388648511,0.835862232776
5,500,25,10,0.5,0.487596626116,0.790341952805,0.745949815285,0.943815220158,0.833294980762
5,500,25,10,0.75,0.484098152257,0.793803871697,0.749366244907,0.944515143802,0.83568854308
5,500,25,10,1,0.484456544915,0.794051151618,0.749484333348,0.944896920336,0.835904342424
5,500,25,20,0.5,0.486808978891,0.793026706231,0.749968906368,0.940888266735,0.83463313324
5,500,25,20,0.75,0.482806801183,0.795746785361,0.752919508449,0.940951896157,0.836478227729
5,500,25,20,1,0.483221626062,0.795782111064,0.751905489368,0.943497073047,0.836859274662
5,500,50,5,0.5,0.487489354273,0.791189769676,0.746718718463,0.944133367269,0.833892285253
5,500,50,5,0.75,0.482954041815,0.795817436767,0.752079410536,0.943115296513,0.836826286846
5,500,50,5,1,0.484839518143,0.7938391974,0.750602553705,0.941588190379,0.835298688346
5,500,50,10,0.5,0.485716211009,0.791754980924,0.746232917149,0.94699669127,0.834705295321
5,500,50,10,0.75,0.48532598776,0.79288540342,0.747192518816,0.94756935607,0.83551828229
5,500,50,10,1,0.483784979736,0.795287551222,0.750791471612,0.944960549758,0.836745617948
5,500,50,20,0.5,0.490167657949,0.789070227498,0.745230389486,0.942160855179,0.83219877708
5,500,50,20,0.75,0.485043522386,0.794475060054,0.748226599463,0.949350979893,0.836856385249
5,500,50,20,1,0.486021077665,0.793273986152,0.749922940412,0.941779078646,0.834942294004
5,500,100,5,0.5,0.486463211836,0.792567472093,0.748215736738,0.944133367269,0.834822485978
5,500,100,5,0.75,0.482162509597,0.796912533559,0.75118135966,0.948332909137,0.838317204189
5,500,100,5,1,0.480561140677,0.795676133955,0.751693495256,0.943751590736,0.836835153019
5,500,100,10,0.5,0.482216248243,0.797018510668,0.751769465572,0.947123950115,0.838211210808
5,500,100,10,0.75,0.487479713738,0.790695209835,0.747315092293,0.941270043268,0.833138627393
5,500,100,10,1,0.485251101461,0.792991380528,0.749598080387,0.94190633749,0.834781457572
5,500,100,20,0.5,0.485088335234,0.793415288964,0.749395833489,0.943433443624,0.835282206473
5,500,100,20,0.75,0.483536285408,0.793909848806,0.748603013388,0.946742173581,0.836085368356
5,500,100,20,1,0.483823505484,0.794227780133,0.750346732016,0.94330618478,0.835804671531
5,1000,25,5,0.5,0.445321098566,0.81220856295,0.770864072795,0.941715449224,0.847755150118
5,1000,25,5,0.75,0.443109081501,0.814787339268,0.772217938927,0.945215067447,0.849997907899
5,1000,25,5,1,0.442067779598,0.81422212802,0.772474576999,0.943178925935,0.849333730364
5,1000,25,10,0.5,0.443132707366,0.813197682634,0.77051958695,0.944960549758,0.848868721798
5,1000,25,10,0.75,0.441921632694,0.814999293486,0.77345036822,0.942988037669,0.849844598152
5,1000,25,10,1,0.443713543939,0.813409636852,0.770539059104,0.945469585136,0.84908708355
5,1000,25,20,0.5,0.440648595323,0.816730252932,0.77419107623,0.94585136167,0.851440369155
5,1000,25,20,0.75,0.443297117858,0.81528189911,0.773288713693,0.944069737847,0.850186791807
5,1000,25,20,1,0.443901792257,0.813974848099,0.77251369428,0.942479002291,0.849068705033
5,1000,50,5,0.5,0.445223831427,0.813692242476,0.769849569288,0.947760244337,0.849587311927
5,1000,50,5,0.75,0.444308827136,0.813197682634,0.771010968277,0.94387884958,0.848726761837
5,1000,50,5,1,0.446362986762,0.811325420376,0.769412808876,0.942669890557,0.847271896882
5,1000,50,10,0.5,0.446679027133,0.809453158118,0.767326811391,0.942606261135,0.845982644469
5,1000,50,10,0.75,0.443429748637,0.814186802317,0.771015131725,0.94642402647,0.849755889301
5,1000,50,10,1,0.441055462922,0.815670481843,0.772225949496,0.947505726648,0.850922911831
5,1000,50,20,0.5,0.443397409977,0.814398756535,0.771635480435,0.945596843981,0.849791292398
5,1000,50,20,0.75,0.445231414692,0.81196128303,0.770958233972,0.940824637312,0.847455350831
5,1000,50,20,1,0.441571062453,0.81492864208,0.77216272077,0.945724102825,0.850167435028
5,1000,100,5,0.5,0.443686398494,0.814257453723,0.77121534556,0.946169508781,0.849773132185
5,1000,100,5,0.75,0.440842647311,0.816447647308,0.774378671449,0.944706032069,0.851092566038
5,1000,100,5,1,0.439791233171,0.816341670199,0.773459657953,0.94642402647,0.851237411855
5,1000,100,10,0.5,0.444930541009,0.811925957327,0.768923708525,0.945342326292,0.848052035836
5,1000,100,10,0.75,0.442045465722,0.818072629645,0.775711854131,0.945787732247,0.852344437907
5,1000,100,10,1,0.441193100341,0.814716687862,0.772359163741,0.944706032069,0.849881453101
5,1000,100,20,0.5,0.442355646935,0.814999293486,0.771965158206,0.946360397048,0.850305139542
5,1000,100,20,0.75,0.44008346257,0.817154161368,0.774108167089,0.947060320692,0.851883211137
5,1000,100,20,1,0.444194958552,0.81291507701,0.7710128646,0.943178925935,0.848440576803
5,2000,25,5,0.5,0.401217481512,0.834852338562,0.795931263877,0.944769661491,0.863982829281
5,2000,25,5,0.75,0.398659686724,0.836441995196,0.797562936031,0.945342326292,0.865185612836
5,2000,25,5,1,0.397737550905,0.83873816589,0.800070631306,0.945978620514,0.866910059393
5,2000,25,10,0.5,0.400236098253,0.833933870284,0.796173807002,0.942097225757,0.863000380817
5,2000,25,10,0.75,0.397956107667,0.837254486364,0.798296000284,0.94585136167,0.865831132226
5,2000,25,10,1,0.400019932196,0.834322453017,0.796146238445,0.943178925935,0.863430892605
5,2000,25,20,0.5,0.39984664855,0.836547972305,0.797214256917,0.946296767625,0.865379433281
5,2000,25,20,0.75,0.397514390137,0.836477320899,0.797544071719,0.945469585136,0.865225549761
5,2000,25,20,1,0.400919186361,0.833333333333,0.794540244002,0.94387884958,0.86279107828
5,2000,50,5,0.5,0.400704722464,0.835488201215,0.797528840783,0.943115296513,0.864232261803
5,2000,50,5,0.75,0.395651144646,0.840963685177,0.803532676311,0.944515143802,0.868329620992
5,2000,50,5,1,0.396451155385,0.8376783948,0.798714231401,0.946042249936,0.866156131346
5,2000,50,10,0.5,0.399264360455,0.837855023315,0.800551728904,0.942860778824,0.865891540209
5,2000,50,10,0.75,0.396545819475,0.838349583157,0.799423636104,0.946360397048,0.866686958158
5,2000,50,10,1,0.396895288074,0.838526211672,0.8005244163,0.944515143802,0.866577490046
5,2000,50,20,0.5,0.396807618446,0.838243606048,0.798598893944,0.947632985492,0.866754807847
5,2000,50,20,0.75,0.400063270353,0.835806132542,0.797846616168,0.943242555358,0.864473261024
5,2000,50,20,1,0.395259899427,0.837289812067,0.800057083069,0.942479002291,0.865441524835
5,2000,100,5,0.5,0.40314512027,0.832556167868,0.794042997769,0.942988037669,0.862129375788
5,2000,100,5,0.75,0.401546426604,0.83601808676,0.798043369365,0.943369814202,0.864638745127
5,2000,100,5,1,0.396636353248,0.838137628939,0.800405908045,0.943815220158,0.86621310035
5,2000,100,10,0.5,0.399339501436,0.838208280345,0.799452893165,0.94585136167,0.866511006767
5,2000,100,10,0.75,0.399563353401,0.835876783948,0.796548699236,0.946042249936,0.864876149863
5,2000,100,10,1,0.400168523987,0.835876783948,0.797978356378,0.943178925935,0.864521293511
5,2000,100,20,0.5,0.399264787165,0.836865903631,0.797522358635,0.946487655892,0.865634586
5,2000,100,20,0.75,0.400851993472,0.834110498799,0.796105901465,0.942606261135,0.863182151388
5,2000,100,20,1,0.400916986485,0.833262681927,0.793963984254,0.944896920336,0.862875867335
5,3000,25,5,0.5,0.372544885452,0.851879327399,0.815479796626,0.947632985492,0.876597258582
5,3000,25,5,0.75,0.373112961046,0.848311431397,0.811896335441,0.945978620514,0.873815039603
5,3000,25,5,1,0.3767302591,0.845909283595,0.809135657067,0.945533214558,0.872022015228
5,3000,25,10,0.5,0.375442473872,0.846615797654,0.812019886279,0.941779078646,0.872091325972
5,3000,25,10,0.75,0.370900445607,0.849971739438,0.815975100683,0.942288114024,0.874591036438
5,3000,25,10,1,0.376404517707,0.847216334605,0.811045522045,0.944960549758,0.872895535943
5,3000,25,20,0.5,0.374833883467,0.849088596863,0.811392203235,0.948714685671,0.874692945268
5,3000,25,20,0.75,0.370855993008,0.851172813339,0.816064255445,0.944960549758,0.87578878919
5,3000,25,20,1,0.368010447376,0.852479864349,0.815731089634,0.948651056248,0.877168557027
5,3000,50,5,0.5,0.373187181749,0.849512505299,0.813835970245,0.945151438025,0.874587074453
5,3000,50,5,0.75,0.378371035172,0.845344072347,0.809281723385,0.94387884958,0.871409859419
5,3000,50,5,1,0.374403612673,0.84975978522,0.813113884646,0.947060320692,0.874990052293
5,3000,50,10,0.5,0.375554730802,0.847075031793,0.81059840793,0.945469585136,0.872851839568
5,3000,50,10,0.75,0.375024553602,0.848629362724,0.813244566551,0.944196996691,0.873838860726
5,3000,50,10,1,0.375088653777,0.846050586407,0.809959811882,0.944260626114,0.871965764994
5,3000,50,20,0.5,0.374081401786,0.847357637417,0.810571961752,0.946296767625,0.873172853505
5,3000,50,20,0.75,0.3768265836,0.84703970609,0.812679039892,0.941588190379,0.87238271638
5,3000,50,20,1,0.375068671515,0.846898403278,0.811537956836,0.94330618478,0.872468510432
5,3000,100,5,0.5,0.374685428513,0.848382082803,0.810675303041,0.948396538559,0.874143770851
5,3000,100,5,0.75,0.375215404062,0.849689133814,0.813954200176,0.945342326292,0.874739768083
5,3000,100,5,1,0.374733095595,0.847534265932,0.810859882156,0.946042249936,0.873246733922
5,3000,100,10,0.5,0.374944673394,0.847922848665,0.812427332438,0.944069737847,0.873307538484
5,3000,100,10,0.75,0.375322676783,0.848134802883,0.812091341414,0.945215067447,0.873603269393
5,3000,100,10,1,0.37440925563,0.848876642645,0.812294293049,0.946551285314,0.874293413859
5,3000,100,20,0.5,0.374073851067,0.849194573972,0.811246362557,0.949287350471,0.874846829692
5,3000,100,20,0.75,0.374434089605,0.84774622015,0.811787664262,0.944833290914,0.873269853339
5,3000,100,20,1,0.373259798308,0.847993500071,0.812633533305,0.943815220158,0.873321899841
6,500,25,5,0.5,0.472699066151,0.803801045641,0.75957821745,0.946042249936,0.842617030761
6,500,25,5,0.75,0.472091233511,0.801822806274,0.757637078541,0.945533214558,0.841215580615
6,500,25,5,1,0.470422925637,0.802317366116,0.759827759718,0.941588190379,0.840983651313
6,500,25,10,0.5,0.475221155461,0.799844566907,0.757193940094,0.941397302112,0.839288600856
6,500,25,10,0.75,0.473068969898,0.801151617917,0.758172291972,0.942479002291,0.840320783584
6,500,25,10,1,0.471943125825,0.79917337855,0.756784509145,0.940570119623,0.83870976136
6,500,25,20,0.5,0.474727137336,0.79952663558,0.756095534373,0.943178925935,0.839328788228
6,500,25,20,0.75,0.472081544556,0.802741274551,0.758891983662,0.94502417918,0.841779155857
6,500,25,20,1,0.471403254922,0.801328246432,0.759637923672,0.939488419445,0.840022440678
6,500,50,5,0.5,0.474240487443,0.798749470114,0.755831273994,0.941715449224,0.838589135329
6,500,50,5,0.75,0.472659435381,0.801045640808,0.756643177142,0.94585136167,0.840731016409
6,500,50,5,1,0.471742014693,0.799385332768,0.754075012482,0.947760244337,0.839891123356
6,500,50,10,0.5,0.473580747872,0.801116292214,0.756638000461,0.946169508781,0.840832155913
6,500,50,10,0.75,0.473032280533,0.801681503462,0.759355447184,0.941015525579,0.840471711157
6,500,50,10,1,0.469997013848,0.803094531581,0.760959335121,0.940951896157,0.841418602433
6,500,50,20,0.5,0.477345182241,0.797089162074,0.752640213119,0.945215067447,0.837996386489
6,500,50,20,0.75,0.473307765597,0.799703264095,0.755609537444,0.944833290914,0.839688886467
6,500,50,20,1,0.469959517374,0.802988554472,0.760587779033,0.941524560957,0.841423639502
6,500,100,5,0.5,0.474054308743,0.798749470114,0.754809539829,0.944260626114,0.838969838679
6,500,100,5,0.75,0.471593579756,0.802176063304,0.757369486719,0.947123950115,0.841674357268
6,500,100,5,1,0.472492334279,0.802705948848,0.758182144089,0.946551285314,0.841954487714
6,500,100,10,0.5,0.476755302877,0.797442419104,0.753794833699,0.943242555358,0.837938372854
6,500,100,10,0.75,0.472938556603,0.799703264095,0.756402277652,0.942924408246,0.839415672477
6,500,100,10,1,0.474115912956,0.799208704253,0.7559277119,0.942797149402,0.83906450662
6,500,100,20,0.5,0.473107189868,0.801045640808,0.759067709818,0.940061084245,0.839916807928
6,500,100,20,0.75,0.476511610348,0.796523950827,0.753054602092,0.942669890557,0.837243653171
6,500,100,20,1,0.470749974917,0.802741274551,0.761267493809,0.939233901756,0.840934399347
6,1000,25,5,0.5,0.430297582623,0.822700296736,0.781528719457,0.944769661491,0.855424434773
6,1000,25,5,0.75,0.425508132902,0.826409495549,0.785125111767,0.94642402647,0.858242243213
6,1000,25,5,1,0.426707764285,0.822594319627,0.782821120804,0.941715449224,0.854947904738
6,1000,25,10,0.5,0.430405996749,0.819944891903,0.778234330995,0.944960549758,0.853529138046
6,1000,25,10,0.75,0.429790186276,0.82096933729,0.780182960944,0.943369814202,0.854040395002
6,1000,25,10,1,0.425525630117,0.826338844143,0.784255092006,0.948014762026,0.858388085631
6,1000,25,20,0.5,0.431849685457,0.819520983468,0.777884149428,0.944706032069,0.853205501943
6,1000,25,20,0.75,0.432509358862,0.819238377844,0.778252596557,0.943178925935,0.852807187994
6,1000,25,20,1,0.427710940372,0.822700296736,0.782119333594,0.943497073047,0.855257611731
6,1000,50,5,0.5,0.431184424371,0.820792708775,0.779992942449,0.94330618478,0.853906487217
6,1000,50,5,0.75,0.42886265285,0.822417691112,0.780926820262,0.945342326292,0.855302740192
6,1000,50,5,1,0.43146428976,0.820474777448,0.778589182019,0.945533214558,0.853974731037
6,1000,50,10,0.5,0.429620304283,0.822205736894,0.780782119677,0.945151438025,0.855131305778
6,1000,50,10,0.75,0.431356416035,0.819732937685,0.779017978568,0.94273351998,0.853089818193
6,1000,50,10,1,0.426655832001,0.825314398757,0.784278908437,0.945405955714,0.857334835754
6,1000,50,20,0.5,0.428963114284,0.823230182281,0.782364715208,0.944324255536,0.855738211864
6,1000,50,20,0.75,0.429039784161,0.8222763883,0.78076086778,0.945342326292,0.85520456328
6,1000,50,20,1,0.429284487946,0.821958456973,0.780152482053,0.945914991092,0.855063469826
6,1000,100,5,0.5,0.431041986094,0.821145965805,0.778549329685,0.947314838381,0.854678242652
6,1000,100,5,0.75,0.431346693639,0.81930902925,0.779082144885,0.941524560957,0.852631868928
6,1000,100,5,1,0.432736576189,0.816659601526,0.776915670609,0.939552048867,0.850524388533
6,1000,100,10,0.5,0.432685601501,0.819344354953,0.778304299792,0.94330618478,0.852896308242
6,1000,100,10,0.75,0.435294509486,0.816306344496,0.776136697127,0.940379231357,0.850397245676
6,1000,100,10,1,0.431071960434,0.820474777448,0.779884299044,0.94273351998,0.853606141969
6,1000,100,20,0.5,0.4334010002,0.819980217606,0.778054651156,0.945469585136,0.853621240803
6,1000,100,20,0.75,0.429544842892,0.821711177052,0.781170048298,0.943051667091,0.854510521085
6,1000,100,20,1,0.430457127368,0.821181291508,0.780551529781,0.943115296513,0.854154405137
6,2000,25,5,0.5,0.389693086747,0.840221845415,0.802465916581,0.944833290914,0.867842209619
6,2000,25,5,0.75,0.384248096313,0.847640243041,0.810455059213,0.947123950115,0.87346495641
6,2000,25,5,1,0.386998000809,0.841846827752,0.803708287547,0.946233138203,0.869164775065
6,2000,25,10,0.5,0.38616758372,0.843259855871,0.805536550172,0.946105879359,0.870166741342
6,2000,25,10,0.75,0.382974752367,0.845626677971,0.807834084398,0.947314838381,0.872025887675
6,2000,25,10,1,0.386839704385,0.842200084782,0.80677088863,0.941270043268,0.868837624141
6,2000,25,20,0.5,0.387296337144,0.843047901653,0.806053438777,0.944578773225,0.869833677463
6,2000,25,20,0.75,0.389152227274,0.839727285573,0.801060121855,0.946360397048,0.867655746079
6,2000,25,20,1,0.382598967443,0.84336583298,0.80631950714,0.944833290914,0.870093874915
6,2000,50,5,0.5,0.388456816698,0.841493570722,0.803607641642,0.945596843981,0.86883548326
6,2000,50,5,0.75,0.386424389346,0.841811502049,0.804369784102,0.944896920336,0.868979955348
6,2000,50,5,1,0.388943053144,0.840221845415,0.802995171918,0.943751590736,0.867697965982
6,2000,50,10,0.5,0.387675116585,0.841988130564,0.804050440241,0.945914991092,0.869226029008
6,2000,50,10,0.75,0.383976541504,0.843330507277,0.807347486351,0.942797149402,0.869819459628
6,2000,50,10,1,0.388850546074,0.841740850643,0.80472136918,0.944069737847,0.86883171573
6,2000,50,20,0.5,0.386814575326,0.843471810089,0.804387218013,0.948841944515,0.870655956004
6,2000,50,20,0.75,0.383664026063,0.845096792426,0.807880530311,0.945978620514,0.871481248059
6,2000,50,20,1,0.382229676207,0.844708209693,0.80777470216,0.945278696869,0.871123417174
6,2000,100,5,0.5,0.388066108882,0.842306061891,0.804445659177,0.945914991092,0.869462265545
6,2000,100,5,0.75,0.385264483835,0.841776176346,0.8045131936,0.944515143802,0.868910058752
6,2000,100,5,1,0.38609885775,0.841599547831,0.802657670708,0.947696614915,0.869165669066
6,2000,100,10,0.5,0.389345823039,0.841564222128,0.804747975571,0.943560702469,0.868641913171
6,2000,100,10,0.75,0.385830174886,0.842977250247,0.804192999578,0.948078391448,0.870214193095
6,2000,100,10,1,0.385312257216,0.842694644623,0.805390324503,0.94502417918,0.869634141102
6,2000,100,20,0.5,0.388011060381,0.840857708068,0.804247530491,0.942924408246,0.868062361417
6,2000,100,20,0.75,0.384662650865,0.843789741416,0.806606174627,0.945278696869,0.870448960319
6,2000,100,20,1,0.386090719181,0.841846827752,0.805263807367,0.943242555358,0.86880728553
6,3000,25,5,0.5,0.36322890846,0.853115727003,0.817835292639,0.946233138203,0.877349910044
6,3000,25,5,0.75,0.362912741687,0.855553200509,0.821281635237,0.945596843981,0.879063097932
6,3000,25,5,1,0.365057059628,0.852868447082,0.816705084759,0.947696614915,0.87733133132
6,3000,25,10,0.5,0.363870932272,0.853186378409,0.818251099707,0.945596843981,0.877325183623
6,3000,25,10,0.75,0.365488998607,0.853151052706,0.818002656867,0.945978620514,0.877343321963
6,3000,25,10,1,0.359921206068,0.856012434647,0.821188016707,0.946869432426,0.879549477183
6,3000,25,20,0.5,0.362108461842,0.855023314964,0.820729987379,0.945405955714,0.878659457996
6,3000,25,20,0.75,0.365688146545,0.852621167161,0.818544524598,0.943815220158,0.876712345267
6,3000,25,20,1,0.3647312884,0.852338561537,0.818518911759,0.943178925935,0.876429953062
6,3000,50,5,0.5,0.361035156003,0.854210823795,0.818705325944,0.947187579537,0.878262913985
6,3000,50,5,0.75,0.365670901665,0.852691818567,0.819218077212,0.94273351998,0.87664077218
6,3000,50,5,1,0.364212142706,0.854210823795,0.820296725517,0.944260626114,0.877922901171
6,3000,50,10,0.5,0.365717204051,0.853363006924,0.819210410242,0.944260626114,0.877300157544
6,3000,50,10,0.75,0.365120076844,0.852091281617,0.816526842701,0.946233138203,0.876601998566
6,3000,50,10,1,0.360162479327,0.855906457539,0.822678057256,0.943942479002,0.879139546444
6,3000,50,20,0.5,0.35987454251,0.857884696905,0.82372724117,0.946614914737,0.880899477001
6,3000,50,20,0.75,0.363884641908,0.852303235834,0.817745445873,0.944515143802,0.876562664334
6,3000,50,20,1,0.361093888444,0.854634732231,0.820420630176,0.94502417918,0.878323442232
6,3000,100,5,0.5,0.363326115394,0.854422778013,0.821207566053,0.943115296513,0.877948224157
6,3000,100,5,0.75,0.360838968764,0.853857566766,0.82056666254,0.942988037669,0.87751727605
6,3000,100,5,1,0.363841586101,0.853468984033,0.820100460099,0.942924408246,0.877227762372
6,3000,100,10,0.5,0.365949054297,0.852939098488,0.81828577718,0.944960549758,0.877072658091
6,3000,100,10,0.75,0.360907211791,0.855164617776,0.819055054164,0.948778315093,0.879148656366
6,3000,100,10,1,0.36244233663,0.853857566766,0.820062864472,0.94387884958,0.877619661685
6,3000,100,20,0.5,0.36550470991,0.85177335029,0.816495987373,0.945533214558,0.876286113013
6,3000,100,20,0.75,0.361412585354,0.856471668786,0.821098756132,0.948078391448,0.88002458999
6,3000,100,20,1,0.364723449238,0.853115727003,0.81819057754,0.945533214558,0.877264685715
7,500,25,5,0.5,0.464847894284,0.804931468136,0.762009014105,0.943242555358,0.842993333961
7,500,25,5,0.75,0.46178358827,0.806026564929,0.762961940952,0.94387884958,0.843820121817
7,500,25,5,1,0.463987028763,0.803695068532,0.765176981658,0.932680071265,0.840651532031
7,500,25,10,0.5,0.463475870208,0.805814610711,0.763454667696,0.942224484602,0.843448546919
7,500,25,10,0.75,0.46404967034,0.804012999859,0.759516185077,0.946869432426,0.84288692517
7,500,25,10,1,0.462521504542,0.805637982196,0.766415821053,0.934843471621,0.842287419487
7,500,25,20,0.5,0.46503852541,0.805108096651,0.761368448944,0.945215067447,0.843388487142
7,500,25,20,0.75,0.464253473349,0.8045075597,0.761244188897,0.943942479002,0.842799487995
7,500,25,20,1,0.460277596204,0.808216758513,0.76641994093,0.941651819801,0.845017009884
7,500,50,5,0.5,0.46136844142,0.807686872969,0.763896359968,0.945978620514,0.845235661954
7,500,50,5,0.75,0.465313664631,0.802776600254,0.760497991257,0.941270043268,0.841264268068
7,500,50,5,1,0.460058037386,0.807439593048,0.766246676574,0.939997454823,0.844242198548
7,500,50,10,0.5,0.463936938037,0.805496679384,0.761235523158,0.946551285314,0.843838599022
7,500,50,10,0.75,0.463278125692,0.804330931186,0.763286090046,0.938661236956,0.841932873691
7,500,50,10,1,0.46207175132,0.803483114314,0.7650211467,0.932425553576,0.840451736545
7,500,50,20,0.5,0.464746269065,0.804189628374,0.760095803414,0.94585136167,0.842857285482
7,500,50,20,0.75,0.465214924223,0.802564646036,0.758695590224,0.94502417918,0.841661132009
7,500,50,20,1,0.464725157141,0.803447788611,0.763311762909,0.936434207177,0.84100054816
7,500,100,5,0.5,0.466263122492,0.803871697047,0.760861142968,0.943178925935,0.842260691833
7,500,100,5,0.75,0.46562841338,0.802140737601,0.762943969433,0.933761771443,0.839729442196
7,500,100,5,1,0.463772460905,0.80486081673,0.764701308167,0.936879613133,0.842045317437
7,500,100,10,0.5,0.463533256689,0.806344496255,0.764231356069,0.941715449224,0.843738604312
7,500,100,10,0.75,0.460813492329,0.807262964533,0.764186541981,0.944260626114,0.844723707724
7,500,100,10,1,0.463270016668,0.803624417126,0.762227524624,0.939297531178,0.84154369905
7,500,100,20,0.5,0.463878098497,0.804684188215,0.761921493946,0.942860778824,0.842781526389
7,500,100,20,0.75,0.461959339991,0.806238519147,0.763181256029,0.94387884958,0.843964774376
7,500,100,20,1,0.464544588975,0.803871697047,0.763577566397,0.936815983711,0.841343021599
7,1000,25,5,0.5,0.42137282284,0.824784513212,0.786917459425,0.938533978111,0.85606355215
7,1000,25,5,0.75,0.41669154328,0.827787197965,0.78681540993,0.946169508781,0.859165527004
7,1000,25,5,1,0.420234466421,0.824431256182,0.784056166102,0.943687961313,0.856494187771
7,1000,25,10,0.5,0.423048198359,0.823442136499,0.782823249711,0.94387884958,0.855831201975
7,1000,25,10,0.75,0.421732057069,0.824254627667,0.784992586514,0.941270043268,0.856052561285
7,1000,25,10,1,0.421332984293,0.824219301964,0.783743378038,0.943815220158,0.856360164416
7,1000,25,20,0.5,0.420887305177,0.825879610004,0.785835879683,0.943497073047,0.857477611728
7,1000,25,20,0.75,0.418328996924,0.826868729688,0.786919861198,0.943687961313,0.858202087464
7,1000,25,20,1,0.418755032968,0.826126889925,0.785943503093,0.943942479002,0.857720692623
7,1000,50,5,0.5,0.421749490917,0.825243747351,0.785169674137,0.943369814202,0.857027043436
7,1000,50,5,0.75,0.418683951889,0.825914935707,0.786488084454,0.942224484602,0.857339589278
7,1000,50,5,1,0.417559411436,0.827398615232,0.788655545986,0.941397302112,0.85828104601
7,1000,50,10,0.5,0.41825900408,0.828599689134,0.788870138085,0.944006108425,0.859473558385
7,1000,50,10,0.75,0.421491087324,0.823866044934,0.784145115603,0.942097225757,0.855890623318
7,1000,50,10,1,0.420972867123,0.824183976261,0.784642951734,0.941842708068,0.856082102744
7,1000,50,20,0.5,0.418426790713,0.829518157411,0.788900982956,0.946105879359,0.860371023344
7,1000,50,20,0.75,0.421022104126,0.825102444539,0.784505400954,0.944387884958,0.857052044729
7,1000,50,20,1,0.415946471515,0.82761056945,0.787074271537,0.945215067447,0.858919420237
7,1000,100,5,0.5,0.41692625287,0.829235551787,0.78906255094,0.945087808603,0.86004607759
7,1000,100,5,0.75,0.41755492297,0.831602373887,0.790237697572,0.948460167982,0.862144168308
7,1000,100,5,1,0.418042369303,0.826798078282,0.786779086592,0.943815220158,0.858169752461
7,1000,100,10,0.5,0.420922211252,0.826126889925,0.784510642593,0.946933061848,0.858101730724
7,1000,100,10,0.75,0.420525977995,0.825526352974,0.786034643328,0.942224484602,0.857069014573
7,1000,100,10,1,0.421372411523,0.823442136499,0.783526577711,0.942415372868,0.855641963394
7,1000,100,20,0.5,0.420408527296,0.82665677547,0.785255996496,0.946678544159,0.858439187187
7,1000,100,20,0.75,0.420049734553,0.825385050162,0.784982607528,0.944133367269,0.857225922553
7,1000,100,20,1,0.418468682309,0.825914935707,0.786243539728,0.942797149402,0.857425208967
7,2000,25,5,0.5,0.377501917699,0.848452734209,0.813272924827,0.943815220158,0.873677365546
7,2000,25,5,0.75,0.374140643174,0.847852197259,0.811028150194,0.946487655892,0.873536619548
7,2000,25,5,1,0.378601803299,0.845944609298,0.810213873325,0.943560702469,0.8718045566
7,2000,25,10,0.5,0.380620910756,0.844354952664,0.807009393949,0.94585136167,0.870925923483
7,2000,25,10,0.75,0.375802597598,0.84668644906,0.810317651942,0.945087808603,0.872522145824
7,2000,25,10,1,0.375157432133,0.848276105695,0.813522753437,0.942860778824,0.873419226476
7,2000,25,20,0.5,0.380244749292,0.845803306486,0.807666314916,0.948014762026,0.872229779135
7,2000,25,20,0.75,0.380649226996,0.844531581178,0.808679149236,0.943178925935,0.870748798168
7,2000,25,20,1,0.375414991225,0.848488059912,0.81285358441,0.944578773225,0.873774072699
7,2000,50,5,0.5,0.379116904901,0.847110357496,0.810745027088,0.945278696869,0.872855308154
7,2000,50,5,0.75,0.376758025276,0.845944609298,0.809934153915,0.944069737847,0.871870492311
7,2000,50,5,1,0.373176580664,0.847993500071,0.813254759126,0.942669890557,0.873189159001
7,2000,50,10,0.5,0.37658302166,0.846015260704,0.81035406274,0.943433443624,0.871841449744
7,2000,50,10,0.75,0.376889251729,0.847534265932,0.81070313946,0.946360397048,0.873292031681
7,2000,50,10,1,0.377722801315,0.844814186802,0.808840044952,0.943497073047,0.870986712352
7,2000,50,20,0.5,0.379528497365,0.844602232584,0.808074715344,0.94445151438,0.87095092977
7,2000,50,20,0.75,0.379102049793,0.844213649852,0.807911325719,0.943815220158,0.870580400049
7,2000,50,20,1,0.370806047298,0.851278790448,0.81417443943,0.948651056248,0.876280928113
7,2000,100,5,0.5,0.375567575693,0.847181008902,0.81107486776,0.944833290914,0.872855089133
7,2000,100,5,0.75,0.376728383963,0.847322311714,0.809926928633,0.947314838381,0.873246779652
7,2000,100,5,1,0.375335849989,0.847145683199,0.810930898721,0.94502417918,0.872854028317
7,2000,100,10,0.5,0.378070114855,0.848205454289,0.811113187935,0.947187579537,0.873876971058
7,2000,100,10,0.75,0.377235099441,0.847181008902,0.811542083418,0.943942479002,0.872746715871
7,2000,100,10,1,0.378100624019,0.84442560407,0.80883645006,0.942606261135,0.870606527727
7,2000,100,20,0.5,0.377402426252,0.847145683199,0.811154111821,0.944642402647,0.872814732508
7,2000,100,20,0.75,0.375058673232,0.848947294051,0.813590294363,0.944324255536,0.874080314586
7,2000,100,20,1,0.372638773993,0.8483467571,0.812220474129,0.945405955714,0.873763533244
7,3000,25,5,0.5,0.351520140914,0.860357496114,0.826889625506,0.946678544159,0.882730949501
7,3000,25,5,0.75,0.354983389116,0.857142857143,0.823474379512,0.945342326292,0.880208457547
7,3000,25,5,1,0.356545042047,0.856542320192,0.824818629183,0.941588190379,0.879340957079
7,3000,25,10,0.5,0.357760398459,0.855199943479,0.82044516696,0.946296767625,0.878884577704
7,3000,25,10,0.75,0.355908750648,0.856683623004,0.824384355955,0.942669890557,0.87955773965
7,3000,25,10,1,0.357805010292,0.855164617776,0.822220703841,0.943051667091,0.878492026704
7,3000,25,20,0.5,0.357965873567,0.855694503321,0.822589064876,0.943624331891,0.878944805808
7,3000,25,20,0.75,0.356512139538,0.855199943479,0.821957970164,0.943560702469,0.878569705986
7,3000,25,20,1,0.3539708558,0.858237953935,0.825574493935,0.944133367269,0.880881395911
7,3000,50,5,0.5,0.362746472286,0.854069520983,0.820755718461,0.943178925935,0.877706002457
7,3000,50,5,0.75,0.355742313442,0.856330365974,0.824540052928,0.941588190379,0.879185259574
7,3000,50,5,1,0.361392703966,0.853221704112,0.819885752319,0.94273351998,0.877025102685
7,3000,50,10,0.5,0.356422272334,0.856789600113,0.823724762743,0.944133367269,0.879814746093
7,3000,50,10,0.75,0.352633537991,0.859686307758,0.826363127595,0.946105879359,0.88217999524
7,3000,50,10,1,0.35318667789,0.857778719797,0.824398168054,0.945151438025,0.880653950298
7,3000,50,20,0.5,0.355335467823,0.858555885262,0.824620041571,0.946551285314,0.881385987988
7,3000,50,20,0.75,0.35230144371,0.859368376431,0.826791944703,0.944578773225,0.88176546678
7,3000,50,20,1,0.35817322749,0.855623851915,0.823654177586,0.941524560957,0.878649848388
7,3000,100,5,0.5,0.355394839089,0.858131976826,0.825443352895,0.944133367269,0.880804705852
7,3000,100,5,0.75,0.360330558787,0.854069520983,0.821120986826,0.942479002291,0.877616805138
7,3000,100,5,1,0.356003613309,0.85640101738,0.824331210765,0.942160855179,0.879304495722
7,3000,100,10,0.5,0.358366692521,0.854846686449,0.820584100451,0.945215067447,0.87850061344
7,3000,100,10,0.75,0.351213273936,0.859615656352,0.827320343253,0.944260626114,0.881920399738
7,3000,100,10,1,0.356333434512,0.855623851915,0.821799477918,0.944833290914,0.879028156464
7,3000,100,20,0.5,0.354933459976,0.858626536668,0.827175221761,0.942224484602,0.880953199204
