max_depth,n_trees,early_stopping,col_sample,l,a,p,r,f
4,500,5,0.5,0.178026152984,0.947188074043,0.981953216649,0.921799440061,0.950868704538
4,500,5,0.75,0.13930359744,0.953370072064,0.980202576097,0.934907101044,0.957012082725
4,500,10,0.5,0.13180632038,0.953334746361,0.982306691806,0.932743700687,0.956879875067
4,500,10,0.75,0.129627430081,0.95414723753,0.981378448611,0.935161618733,0.957707861604
4,500,20,0.5,0.141553091136,0.95450049456,0.980997350931,0.936179689488,0.95805791961
4,500,20,0.75,0.140431511398,0.951815741133,0.980383026593,0.931852888776,0.955500449079
4,1000,5,0.5,0.135597103649,0.957962413452,0.981967284421,0.941524560957,0.961216798661
4,1000,5,0.75,0.299650999996,0.832591493571,0.934073654784,0.719712395011,0.758945241034
4,1000,10,0.5,0.0989889376505,0.966405256465,0.984833830909,0.954186815984,0.969266680415
4,1000,10,0.75,0.217315979571,0.84301257595,0.934696565334,0.737210486129,0.769924191308
4,1000,20,0.5,0.101268776963,0.965698742405,0.982778231272,0.954950369051,0.968664146059
4,1000,20,0.75,0.246943609212,0.844884838208,0.934996660799,0.741728175108,0.771722130765
4,2000,5,0.5,0.191864410301,0.959552070086,0.983902084614,0.942606261135,0.962487446348
4,2000,5,0.75,0.080653798001,0.968595450049,0.982998193217,0.96004072283,0.971382023748
4,2000,10,0.5,0.196451582667,0.96220149781,0.984732233755,0.946614914737,0.965086689472
4,2000,10,0.75,0.159399931548,0.961000423908,0.981053084009,0.947951132604,0.96412313459
4,2000,20,0.5,0.0834956595715,0.96990250106,0.983482961557,0.961949605498,0.972592865858
4,2000,20,0.75,0.202092605398,0.850254345061,0.935046399719,0.749681852889,0.775918862201
5,500,5,0.5,0.224099887773,0.953158117847,0.98340514386,0.93140748282,0.956574455257
5,500,5,0.75,0.117770002875,0.958103716264,0.983043116325,0.94076100789,0.961431835296
5,500,10,0.5,0.136550370992,0.959870001413,0.984262184482,0.942797149402,0.963079968153
5,500,10,0.75,0.11927276836,0.955948848382,0.979392931042,0.940442860779,0.959521918822
5,500,20,0.5,0.117524409052,0.959234138759,0.982376857486,0.943497073047,0.962544015894
5,500,20,0.75,0.134147532546,0.958280344779,0.983116570544,0.941015525579,0.961602541338
5,1000,5,0.5,0.120494680632,0.963437897414,0.98461831673,0.94896920336,0.966430317654
5,1000,5,0.75,0.196462094303,0.959198813056,0.980434700486,0.945278696869,0.962467962027
5,1000,10,0.5,0.0869255314928,0.968772078564,0.984655260667,0.958704504963,0.971500441312
5,1000,10,0.75,0.0908451785821,0.965592765296,0.983980991986,0.953550521761,0.968521072648
5,1000,20,0.5,0.089029630512,0.968418821535,0.98387645285,0.958831763808,0.971191996771
5,1000,20,0.75,0.300941496465,0.839939239791,0.938666774713,0.732756426572,0.769305961667
5,2000,5,0.5,0.0743321304165,0.972022043239,0.985998936541,0.963285823365,0.974508065012
5,2000,5,0.75,0.0741516437522,0.971244877773,0.985220690204,0.962649529142,0.97380341965
5,2000,10,0.5,0.197386952972,0.853186378409,0.968135610424,0.749363705778,0.779120505803
5,2000,10,0.75,0.072614894219,0.972587254486,0.985760298294,0.96455841181,0.975043695939
5,2000,20,0.5,0.159776211725,0.965345485375,0.985548813007,0.951514380249,0.968119373694
5,2000,20,0.75,0.163675294131,0.963473223117,0.982393719195,0.951196233138,0.966432948921
6,500,5,0.5,0.181175742487,0.957891762046,0.984400257757,0.939043013489,0.961173255179
6,500,5,0.75,0.193995667412,0.958245019076,0.980915906272,0.943115296513,0.961625032796
6,500,10,0.5,0.190475011314,0.959022184541,0.984614634347,0.940888266735,0.962252959932
6,500,10,0.75,0.117967198042,0.96018793274,0.982235671178,0.945405955714,0.963458174907
6,500,20,0.5,0.212020513074,0.959022184541,0.984751637903,0.94076100789,0.962247875757
6,500,20,0.75,0.125843205278,0.960505864067,0.983060108667,0.945151438025,0.963731725279
6,1000,5,0.5,0.155481517117,0.964921576939,0.986264678601,0.950050903538,0.967766553987
6,1000,5,0.75,0.104634455152,0.965698742405,0.983727355562,0.953995927717,0.968627787179
6,1000,10,0.5,0.120678490184,0.964427017098,0.984330179882,0.951068974294,0.967378129871
6,1000,10,0.75,0.0867490618425,0.968418821535,0.983559567683,0.959149910919,0.971199562382
6,1000,20,0.5,0.0833958061033,0.968913381376,0.985224671842,0.958386357852,0.971615395942
6,1000,20,0.75,0.0828875323418,0.968489472941,0.983941019395,0.95889539323,0.971252519976
6,2000,5,0.5,0.229299855383,0.958633601809,0.986908371785,0.937897683889,0.961662328693
6,2000,5,0.75,0.232933584748,0.851879327399,0.934715700932,0.751717994401,0.782194942834
6,2000,10,0.5,0.104514592788,0.968418821535,0.986069952579,0.956604734029,0.971095695336
6,2000,10,0.75,0.129655628509,0.966122650841,0.982061186696,0.956413845762,0.969041769554
6,2000,20,0.5,0.0712558403621,0.972375300268,0.985565387476,0.964367523543,0.974849119278
6,2000,20,0.75,0.225331247427,0.853539635439,0.949805797479,0.752863324001,0.784909116986
7,500,5,0.5,0.233567247035,0.851490744666,0.97402605625,0.745227793332,0.781369328053
7,500,5,0.75,0.102388185477,0.964003108662,0.983172456243,0.951450750827,0.967049217358
7,500,10,0.5,0.111302133612,0.963190617493,0.983971914796,0.949160091626,0.966251993732
7,500,10,0.75,0.104405559991,0.964038434365,0.984060984866,0.950623568338,0.967051143258
7,500,20,0.5,0.114222510296,0.96587537092,0.986606102357,0.951450750827,0.968705780088
7,500,20,0.75,0.127431783056,0.964073760068,0.981982009455,0.952786968694,0.96715463938
7,1000,5,0.5,0.121202491986,0.96788893599,0.987105706962,0.954632221939,0.970568879594
7,1000,5,0.75,0.0781872646171,0.97025575809,0.983994044813,0.962076864342,0.972910503645
7,1000,10,0.5,0.118281297272,0.967500353257,0.98618317139,0.954823110206,0.970242338314
7,1000,10,0.75,0.0803590850904,0.97025575809,0.985062065175,0.960995164164,0.972876170392
7,1000,20,0.5,0.122548896272,0.966652536385,0.98547445031,0.953995927717,0.969465313872
7,1000,20,0.75,0.0818439093929,0.969019358485,0.984973524406,0.958831763808,0.971720345438
7,2000,5,0.5,0.0828423264643,0.970185106684,0.986891752686,0.959022652074,0.972740620892
7,2000,5,0.75,0.0752167113156,0.969266638406,0.985487916098,0.958768134385,0.971940435958
7,2000,10,0.5,0.0749194679931,0.972022043239,0.987334053099,0.961949605498,0.974474142437
7,2000,10,0.75,0.127849266024,0.965451462484,0.982431477072,0.954823110206,0.968413960745
7,2000,20,0.5,0.0724045685244,0.97286986011,0.987417014419,0.963413082209,0.975264910299
7,2000,20,0.75,0.0753009034057,0.971774763318,0.986690867728,0.962140493764,0.974256747098
5,3000,5,0.5,0.139702436152,0.966652536385,0.985513670473,0.953932298295,0.969371998968
5,3000,5,0.75,0.327446099693,0.840539776742,0.924170131811,0.733710867905,0.767687563763
5,3000,10,0.5,0.0698409809511,0.973823654091,0.985789935914,0.966785441588,0.976193529868
5,3000,10,0.75,0.254698690557,0.954889077293,0.981757845957,0.936052430644,0.958222926578
5,3000,20,0.5,0.069236534962,0.974070934012,0.985106691033,0.967930771189,0.976440317725
5,3000,20,0.75,0.0761420738698,0.970891620743,0.983387640003,0.963858488165,0.973522701255
6,3000,5,0.5,0.113391416241,0.966369930762,0.985570029895,0.953359633495,0.969169719351
6,3000,5,0.75,0.120167006412,0.964956902642,0.980762448301,0.955586663273,0.967966497502
6,3000,10,0.5,0.0676069507222,0.974459516744,0.987079523595,0.966658182744,0.976759209083
6,3000,10,0.75,0.22366784071,0.853751589657,0.947987299144,0.752799694579,0.783834850204
6,3000,20,0.5,0.0715338759963,0.973753002685,0.985983559471,0.966467294477,0.976124840845
6,3000,20,0.75,0.0736773170966,0.970149780981,0.98329535783,0.96258589972,0.972829847624
7,3000,5,0.5,0.109560871938,0.966723187791,0.986993923023,0.952596080428,0.969457950682
7,3000,5,0.75,0.127685055937,0.966864490603,0.984189697354,0.955650292695,0.969688719709
7,3000,10,0.5,0.198624560886,0.96481559983,0.985908927324,0.950178162382,0.96765033125
7,3000,10,0.75,0.0725907122948,0.972728557298,0.986714982512,0.963858488165,0.975150212069
7,3000,20,0.5,0.0735385206839,0.971174226367,0.985975765793,0.961758717231,0.973712345602
7,3000,20,0.75,0.0709426861605,0.972975837219,0.985707242454,0.965321964877,0.975405104754

