max_depth,n_trees,n_leaves,early_stopping,col_sample,l,a,p,r,f
4,500,25,5,0.5,0.503458555476,0.780238801752,0.734973800887,0.944960549758,0.826834621772
4,500,25,5,0.75,0.498721768492,0.783983326268,0.737387036689,0.948841944515,0.829853402011
4,500,25,5,1,0.497815229513,0.787303942348,0.742982270842,0.943242555358,0.831189963583
4,500,25,10,0.5,0.498397334287,0.785043097358,0.737922416516,0.950369050649,0.830774576497
4,500,25,10,0.75,0.498301813181,0.78613819415,0.740133273082,0.947442097226,0.831052433659
4,500,25,10,1,0.496360444573,0.786173519853,0.741973143484,0.942669890557,0.830357908125
4,500,25,20,0.5,0.499708107251,0.785078423061,0.739356347038,0.946614914737,0.830237066385
4,500,25,20,0.75,0.500894824598,0.78175780698,0.735172580336,0.948651056248,0.828372930797
4,500,25,20,1,0.49930714992,0.78447788611,0.738182377612,0.948078391448,0.830061888914
4,500,50,5,0.5,0.499819900912,0.783630069238,0.736244406837,0.950941715449,0.829931698357
4,500,50,5,0.75,0.502589509334,0.782323018228,0.737808330337,0.943369814202,0.827963742169
4,500,50,5,1,0.502373470518,0.781475201357,0.739857540047,0.935416136421,0.826162644277
4,500,50,10,0.5,0.501890328666,0.782040412604,0.735984212206,0.947251208959,0.82835014135
4,500,50,10,0.75,0.501117341467,0.782605623852,0.738021260351,0.94330618478,0.828109126191
4,500,50,10,1,0.496327644673,0.788081107814,0.742723369047,0.945978620514,0.832116923841
4,500,50,20,0.5,0.50183114052,0.78211106401,0.736471118439,0.946105879359,0.828223672382
4,500,50,20,0.75,0.500088697368,0.783736046347,0.737897833917,0.946869432426,0.829411433527
4,500,50,20,1,0.49718297325,0.786067542744,0.740565096122,0.946233138203,0.83082898191
4,500,100,5,0.5,0.499839011426,0.784866468843,0.73900085852,0.947060320692,0.830175594541
4,500,100,5,0.75,0.495438927438,0.788222410626,0.742079658938,0.948078391448,0.832520262163
4,500,100,5,1,0.498370219268,0.784654514625,0.738527269812,0.947696614915,0.830125192108
4,500,100,10,0.5,0.502539102665,0.782040412604,0.736581360597,0.945660473403,0.828120320201
4,500,100,10,0.75,0.499207916168,0.784866468843,0.738858346127,0.947314838381,0.83020014792
4,500,100,10,1,0.501436759961,0.781863784089,0.737340324834,0.94330618478,0.827627933663
4,500,100,20,0.5,0.500770560672,0.783029532288,0.736911550711,0.947442097226,0.829019239622
4,500,100,20,0.75,0.503591572903,0.778755122227,0.733596748261,0.944515143802,0.825797857538
4,500,100,20,1,0.502049077911,0.78211106401,0.73734954616,0.943687961313,0.827841767011
4,1000,25,5,0.5,0.465764821109,0.798360887382,0.755767498796,0.940888266735,0.838222386331
4,1000,25,5,0.75,0.463296834313,0.802811925957,0.7600455663,0.942351743446,0.84143295115
4,1000,25,5,1,0.460391399224,0.804401582591,0.761822542796,0.942351743446,0.842514417191
4,1000,25,10,0.5,0.463510443832,0.801610852056,0.758629348265,0.942606261135,0.840658390322
4,1000,25,10,0.75,0.459977788126,0.805673307899,0.763783069128,0.941015525579,0.843183305574
4,1000,25,10,1,0.457125928086,0.806627101879,0.762973643557,0.945469585136,0.844459949895
4,1000,25,20,0.5,0.463725428214,0.801257595026,0.758787281341,0.941270043268,0.840228390412
4,1000,25,20,0.75,0.464104332752,0.800374452452,0.75770679416,0.941588190379,0.839687467435
4,1000,25,20,1,0.460681198969,0.802882577363,0.760458102516,0.941524560957,0.841356989874
4,1000,50,5,0.5,0.463415333321,0.801222269323,0.757915761049,0.943242555358,0.84048092943
4,1000,50,5,0.75,0.460490344917,0.804083651265,0.761088351448,0.943242555358,0.842425473603
4,1000,50,5,1,0.45863423017,0.806556450473,0.764319323572,0.942097225757,0.843943089291
4,1000,50,10,0.5,0.462238861587,0.801787480571,0.759438321538,0.941079155001,0.840545556898
4,1000,50,10,0.75,0.4645861013,0.801681503462,0.75850338947,0.943115296513,0.840784963527
4,1000,50,10,1,0.458892844324,0.805178748057,0.762583740327,0.942542631713,0.843059784619
4,1000,50,20,0.5,0.461034408279,0.805249399463,0.762345415564,0.94330618478,0.843216229602
4,1000,50,20,0.75,0.462755107198,0.801363572135,0.759229689927,0.940506490201,0.840191823629
4,1000,50,20,1,0.461888250168,0.802423343225,0.759771226767,0.941969966913,0.841114024253
4,1000,100,5,0.5,0.462707638061,0.803624417126,0.760940347311,0.942351743446,0.841977875075
4,1000,100,5,0.75,0.4603677209,0.805708633602,0.763656889732,0.941460931535,0.84327858219
4,1000,100,5,1,0.463158709307,0.801116292214,0.75880433129,0.940824637312,0.840067039857
4,1000,100,10,0.5,0.461503453662,0.804224954077,0.762224740758,0.940888266735,0.842180178208
4,1000,100,10,0.75,0.461544535263,0.802599971739,0.758905433846,0.944515143802,0.841593490387
4,1000,100,10,1,0.463181169987,0.800939663699,0.757632100957,0.943178925935,0.8402833189
4,1000,100,20,0.5,0.46177828835,0.801964109086,0.759524313464,0.941397302112,0.840731299442
4,1000,100,20,0.75,0.461675701813,0.804154302671,0.761844041258,0.941588190379,0.84223203965
4,1000,100,20,1,0.458818860121,0.805743959305,0.762943763441,0.943242555358,0.843552364218
4,2000,25,5,0.5,0.424476985828,0.825632330083,0.786155897829,0.942224484602,0.857139066682
4,2000,25,5,0.75,0.422959845359,0.824360604776,0.785353116172,0.94076100789,0.856060190144
4,2000,25,5,1,0.422662461102,0.823866044934,0.786520865055,0.937134130822,0.855240640795
4,2000,25,10,0.5,0.42417452548,0.825667655786,0.787524656396,0.939488419445,0.856814994329
4,2000,25,10,0.75,0.424929395538,0.824749187509,0.785186656187,0.942097225757,0.856503033605
4,2000,25,10,1,0.4221437147,0.826126889925,0.788674427024,0.938215831,0.85696683908
4,2000,25,20,0.5,0.42494955216,0.825667655786,0.786621514413,0.941397302112,0.857063399045
4,2000,25,20,0.75,0.426020518365,0.821181291508,0.782839368652,0.938215831,0.853501212542
4,2000,25,20,1,0.424653923595,0.824148650558,0.785718450897,0.939552048867,0.855764497005
4,2000,50,5,0.5,0.423196653392,0.825102444539,0.784298960775,0.944833290914,0.857109374969
4,2000,50,5,0.75,0.424365536557,0.823548113607,0.783850412896,0.941969966913,0.855649562511
4,2000,50,5,1,0.42555075416,0.824042673449,0.786441525301,0.937706795622,0.855437559643
4,2000,50,10,0.5,0.427913241629,0.820333474636,0.780129203866,0.941842708068,0.853387204108
4,2000,50,10,0.75,0.426330112318,0.822347039706,0.782664138901,0.941460931535,0.854745447143
4,2000,50,10,1,0.424193060831,0.822806273845,0.78576473228,0.936052430644,0.854344296569
4,2000,50,20,0.5,0.427182578137,0.820828034478,0.78200340415,0.939106642912,0.853371585094
4,2000,50,20,0.75,0.425284441977,0.82298290236,0.784906783328,0.938279460422,0.854765654972
4,2000,50,20,1,0.426341758458,0.821039988696,0.783246623466,0.936943242555,0.853226242749
4,2000,100,5,0.5,0.426167021262,0.821887805567,0.782300085317,0.941079155001,0.854371117387
4,2000,100,5,0.75,0.425219495156,0.825420375865,0.78753507557,0.938852125223,0.85655739961
4,2000,100,5,1,0.42697519953,0.821216617211,0.783906648467,0.936052430644,0.853239254092
4,2000,100,10,0.5,0.42653048918,0.822205736894,0.781682650813,0.943178925935,0.854867664775
4,2000,100,10,0.75,0.427410915936,0.821287268617,0.783261385376,0.937579536778,0.853492321386
4,2000,100,10,1,0.426104740735,0.822841599548,0.784898567701,0.937961313311,0.854627202498
4,2000,100,20,0.5,0.425683083364,0.821534548538,0.782631755081,0.939488419445,0.853912091165
4,2000,100,20,0.75,0.423401507758,0.824077999152,0.785081455686,0.940633749046,0.855845201464
4,2000,100,20,1,0.423799040034,0.825455701568,0.787384605449,0.939297531178,0.856646404694
4,3000,25,5,0.5,0.409357434988,0.831531722481,0.794879242948,0.938852125223,0.860881701424
4,3000,25,5,0.75,0.409716204244,0.82962413452,0.793998740091,0.936052430644,0.85917247296
4,3000,25,5,1,0.413543042393,0.827575243747,0.790159145228,0.938724866378,0.858057848671
4,3000,25,10,0.5,0.410298540973,0.82927087749,0.79286471754,0.937388648511,0.859087338323
4,3000,25,10,0.75,0.407471575286,0.833156704818,0.796668140538,0.939233901756,0.862087778146
4,3000,25,10,1,0.408715542145,0.830966511234,0.795423972957,0.936370577755,0.860159757164
4,3000,25,20,0.5,0.407380076296,0.834251801611,0.797839767971,0.939552048867,0.862911737703
4,3000,25,20,0.75,0.407361166943,0.83103716264,0.795681021602,0.936052430644,0.86017146958
4,3000,25,20,1,0.408540175509,0.829341528896,0.79317049343,0.936943242555,0.859078425002
4,3000,50,5,0.5,0.411114123421,0.830189345768,0.791620104025,0.942160855179,0.860348712735
4,3000,50,5,0.75,0.410199190576,0.828740991946,0.791158501783,0.939552048867,0.85898292342
4,3000,50,5,1,0.412044082266,0.828564363431,0.792348257943,0.936688724866,0.858491090506
4,3000,50,10,0.5,0.412803726178,0.829094248976,0.791476356027,0.939742937134,0.8592586165
4,3000,50,10,0.75,0.41119733539,0.828564363431,0.792439369412,0.9364978366,0.858465489473
4,3000,50,10,1,0.406264169645,0.831849653808,0.794585154468,0.940315601934,0.861298765098
4,3000,50,20,0.5,0.407495813604,0.83234421365,0.796016032226,0.938597607534,0.86142834731
4,3000,50,20,0.75,0.412650707149,0.82831708351,0.792074156082,0.936688724866,0.858323725732
4,3000,50,20,1,0.410263275622,0.827857849371,0.791123442265,0.937452277933,0.85809114025
4,3000,100,5,0.5,0.411924292895,0.828952946164,0.792283247729,0.938024942734,0.858970762324
4,3000,100,5,0.75,0.41070457983,0.829800763035,0.794290866045,0.935861542377,0.859272113499
4,3000,100,5,1,0.402315382107,0.835700155433,0.798694067307,0.94133367269,0.864161863237
4,3000,100,10,0.5,0.40845799459,0.832202910838,0.792804015332,0.944706032069,0.86210847545
4,3000,100,10,0.75,0.410552926751,0.82867034054,0.790883848353,0.939933825401,0.858982369034
4,3000,100,10,1,0.40280398818,0.835170269888,0.798976527091,0.939488419445,0.863549097982
4,3000,100,20,0.5,0.413453353066,0.826939381094,0.791677742735,0.934079918554,0.856997190661
4,3000,100,20,0.75,0.4104700183,0.829200226084,0.792031852181,0.938915754645,0.859235511317
4,3000,100,20,1,0.408467467379,0.830860534125,0.793294697754,0.940379231357,0.860596067135
5,500,25,5,0.5,0.483303767882,0.796912533559,0.750903249019,0.949032832782,0.838419602492
5,500,25,5,0.75,0.486852084032,0.790094672884,0.743973530511,0.948269279715,0.833781800139
5,500,25,5,1,0.484640134058,0.791860958033,0.747314455184,0.94445151438,0.834393134005
5,500,25,10,0.5,0.48568671971,0.792390843578,0.747281888943,0.945978620514,0.834970442315
5,500,25,10,0.75,0.487261221157,0.790589232726,0.746777518499,0.942351743446,0.833240526922
5,500,25,10,1,0.484990186052,0.793521266073,0.747935528555,0.947378467804,0.835923757022
5,500,25,20,0.5,0.484216905492,0.794369082945,0.748721814113,0.947696614915,0.836529344162
5,500,25,20,0.75,0.489309240062,0.788540341953,0.743254751524,0.94585136167,0.832397570448
5,500,25,20,1,0.486519159809,0.790730535538,0.74661436527,0.943242555358,0.833460558929
5,500,50,5,0.5,0.487240467467,0.79051858132,0.747211586393,0.941142784424,0.833027390582
5,500,50,5,0.75,0.486336445065,0.791860958033,0.748108445812,0.942415372868,0.834092924695
5,500,50,5,1,0.48443427559,0.792779426311,0.747772481267,0.945787732247,0.835200297921
5,500,50,10,0.5,0.489027161863,0.789741415854,0.74498301143,0.944642402647,0.83301524834
5,500,50,10,0.75,0.483578855961,0.793379963261,0.748490265027,0.945660473403,0.835586521399
5,500,50,10,1,0.488565095102,0.787939805002,0.742969719193,0.944960549758,0.831874593145
5,500,50,20,0.5,0.485380723638,0.792108237954,0.746764833076,0.946551285314,0.83486286889
5,500,50,20,0.75,0.488330018087,0.788399039141,0.743762901574,0.944196996691,0.832068675202
5,500,50,20,1,0.484003657875,0.793097357637,0.751216443404,0.938088572156,0.834283295329
5,500,100,5,0.5,0.489560521688,0.787763176487,0.741632420918,0.947951132604,0.832188258469
5,500,100,5,0.75,0.485882246627,0.791013141162,0.748129816309,0.940061084245,0.833181100929
5,500,100,5,1,0.484317287581,0.794369082945,0.751676899551,0.940315601934,0.835449281587
5,500,100,10,0.5,0.486227509204,0.793097357637,0.747468223605,0.947442097226,0.835653727582
5,500,100,10,0.75,0.488798501539,0.788469690547,0.74437232026,0.94273351998,0.831891661079
5,500,100,10,1,0.484329453851,0.793238660449,0.748661687,0.944769661491,0.835357039722
5,500,100,20,0.5,0.486882296828,0.792143563657,0.746004121577,0.948587426826,0.835183867789
5,500,100,20,0.75,0.48624919551,0.792673449202,0.748530704905,0.943560702469,0.834802443794
5,500,100,20,1,0.482101386144,0.79549950544,0.750621936465,0.946042249936,0.837038071456
5,1000,25,5,0.5,0.450767264558,0.8092412039,0.768041661205,0.940442860779,0.845541175097
5,1000,25,5,0.75,0.447756331598,0.809523809524,0.768383569093,0.940379231357,0.84572212135
5,1000,25,5,1,0.448536119234,0.808852621167,0.76801967446,0.939488419445,0.84514052071
5,1000,25,10,0.5,0.450880333191,0.808252084216,0.767604722923,0.938915754645,0.84465538006
5,1000,25,10,0.75,0.446483143926,0.812844425604,0.772085957529,0.940570119623,0.848030600185
5,1000,25,10,1,0.448425265463,0.809417832415,0.767467970297,0.942224484602,0.845910780722
5,1000,25,20,0.5,0.449971319096,0.809488483821,0.767543049192,0.942224484602,0.845954624622
5,1000,25,20,0.75,0.449980329565,0.808993923979,0.767702340316,0.940570119623,0.845388035731
5,1000,25,20,1,0.443766445901,0.811925957327,0.772029432786,0.938343089845,0.847094957693
5,1000,50,5,0.5,0.449027657861,0.809771089445,0.767736825021,0.942542631713,0.846199219515
5,1000,50,5,0.75,0.446361672234,0.811148791861,0.769274879393,0.942542631713,0.847137412826
5,1000,50,5,1,0.447664791448,0.809877066554,0.76954187209,0.938661236956,0.845725416544
5,1000,50,10,0.5,0.448377263132,0.811749328812,0.771553538061,0.938979384067,0.847061589552
5,1000,50,10,0.75,0.446861354171,0.810760209128,0.768615726281,0.943051667091,0.846941429987
5,1000,50,10,1,0.451816933508,0.806344496255,0.765678752986,0.938343089845,0.843259093253
5,1000,50,20,0.5,0.448297576228,0.809559135227,0.766881123273,0.944006108425,0.846263141892
5,1000,50,20,0.75,0.444424445572,0.813444962555,0.773068183226,0.939870195979,0.848345564455
5,1000,50,20,1,0.445083510453,0.812314540059,0.771966381575,0.939488419445,0.847522683599
5,1000,100,5,0.5,0.447207268138,0.81054825491,0.769230901685,0.941079155001,0.846520766434
5,1000,100,5,0.75,0.447128631086,0.811184117564,0.769340787145,0.942479002291,0.84714951316
5,1000,100,5,1,0.446093520122,0.812102585841,0.771758622753,0.939424790023,0.847365252694
5,1000,100,10,0.5,0.446313449676,0.812349865762,0.769974304424,0.944069737847,0.848177118031
5,1000,100,10,0.75,0.446526078886,0.811608026,0.770134417507,0.941842708068,0.847361597925
5,1000,100,10,1,0.448685684179,0.808004804296,0.767459275629,0.938597607534,0.844433830529
5,1000,100,20,0.5,0.449418724171,0.809877066554,0.769511585923,0.938724866378,0.845735404974
5,1000,100,20,0.75,0.450107578937,0.808711318355,0.768137464057,0.938852125223,0.844954831271
5,1000,100,20,1,0.447617491643,0.811784654515,0.771008509876,0.940251972512,0.847259742796
5,2000,25,5,0.5,0.418575659525,0.826232867034,0.788965115778,0.937897683889,0.85700718021
5,2000,25,5,0.75,0.411199445721,0.831602373887,0.794894611132,0.938979384067,0.860946699482
5,2000,25,5,1,0.413384776422,0.826621449767,0.789788882177,0.937197760244,0.857191020445
5,2000,25,10,0.5,0.414262742301,0.830507277095,0.792122420189,0.94190633749,0.860541835403
5,2000,25,10,0.75,0.416638111508,0.827575243747,0.789398751432,0.940315601934,0.8582684899
5,2000,25,10,1,0.41233626841,0.828988271867,0.792516746383,0.937388648511,0.858885692419
5,2000,25,20,0.5,0.414805472752,0.826515472658,0.78889434851,0.938724866378,0.857306978451
5,2000,25,20,0.75,0.417679847661,0.825702981489,0.790336242505,0.933761771443,0.856081976353
5,2000,25,20,1,0.414608633583,0.826338844143,0.78976085652,0.9364978366,0.856891146962
5,2000,50,5,0.5,0.412150937814,0.829412180302,0.79130554944,0.940888266735,0.859636907864
5,2000,50,5,0.75,0.413787360014,0.828952946164,0.792708072266,0.936943242555,0.858795896309
5,2000,50,5,1,0.414520435899,0.825985587113,0.789566201472,0.936052430644,0.856579378343
5,2000,50,10,0.5,0.415498465555,0.826409495549,0.787903997079,0.940506490201,0.857466473741
5,2000,50,10,0.75,0.418485932371,0.826409495549,0.78802305136,0.940251972512,0.857432975607
5,2000,50,10,1,0.414885572054,0.827575243747,0.789837707967,0.939424790023,0.858156149945
5,2000,50,20,0.5,0.414126849834,0.828705666243,0.790554189801,0.940697378468,0.859112154718
5,2000,50,20,0.75,0.413462348523,0.828034477886,0.791926187254,0.936306948333,0.858072958143
5,2000,50,20,1,0.413704534261,0.82831708351,0.79285566952,0.93509798931,0.858113900698
5,2000,100,5,0.5,0.417853390304,0.825243747351,0.788246710412,0.936943242555,0.856180295964
5,2000,100,5,0.75,0.417010234063,0.825879610004,0.788514091508,0.937961313311,0.856761714025
5,2000,100,5,1,0.413445470906,0.827469266638,0.789630924858,0.939552048867,0.85808927144
5,2000,100,10,0.5,0.417527572535,0.825879610004,0.787578008914,0.939870195979,0.857010793621
5,2000,100,10,0.75,0.415632205446,0.828175780698,0.789894865329,0.94076100789,0.858748912623
5,2000,100,10,1,0.413532565142,0.828387734916,0.791688177263,0.9376431662,0.858499788203
5,2000,100,20,0.5,0.415748821514,0.826727426876,0.788413220939,0.940251972512,0.857660131835
5,2000,100,20,0.75,0.415595543118,0.8270100325,0.790454639723,0.936752354289,0.857400595409
5,2000,100,20,1,0.412497921352,0.829235551787,0.791778356093,0.939488419445,0.859326282669
5,3000,25,5,0.5,0.400785189092,0.834322453017,0.798844156995,0.937706795622,0.86272115586
5,3000,25,5,0.75,0.401245446436,0.835523526918,0.800538763697,0.937325019089,0.863539877482
5,3000,25,5,1,0.391932895415,0.840186519712,0.804563645978,0.940633749046,0.867291128931
5,3000,25,10,0.5,0.405778169881,0.831178465451,0.795230425654,0.937261389667,0.860423599096
5,3000,25,10,0.75,0.399206945193,0.835452875512,0.801029012877,0.936179689488,0.863340177231
5,3000,25,10,1,0.39914569093,0.835346898403,0.800682949739,0.936625095444,0.863312270615
5,3000,25,20,0.5,0.403996965664,0.831425745372,0.79608186239,0.936179689488,0.860459599498
5,3000,25,20,0.75,0.397553037533,0.836689275117,0.802237650104,0.936815983711,0.86431405947
5,3000,25,20,1,0.398103086588,0.835806132542,0.800478017591,0.938088572156,0.863834288198
5,3000,50,5,0.5,0.397265824579,0.836194715275,0.800240184856,0.939488419445,0.864286533788
5,3000,50,5,0.75,0.40341915836,0.831143139748,0.797246818513,0.933189106643,0.859873981915
5,3000,50,5,1,0.394626192193,0.839550657058,0.805454353931,0.937452277933,0.8664458664
5,3000,50,10,0.5,0.40123827389,0.834852338562,0.799043421316,0.938597607534,0.863212088445
5,3000,50,10,0.75,0.395437105913,0.837501766285,0.802667531732,0.937961313311,0.865044561342
5,3000,50,10,1,0.401057637261,0.835064292779,0.800027274226,0.937261389667,0.863208241582
5,3000,50,20,0.5,0.400262604762,0.833933870284,0.797985330648,0.938470348689,0.862540698771
5,3000,50,20,0.75,0.398150151205,0.836618623711,0.801937197621,0.937197760244,0.864301720297
5,3000,50,20,1,0.402864281535,0.833368659036,0.799308438186,0.934588953932,0.861654887318
5,3000,100,5,0.5,0.403422390341,0.832096933729,0.797665241466,0.934716212777,0.860760270569
5,3000,100,5,0.75,0.396609275467,0.837395789176,0.804324945059,0.934461695088,0.86452047066
5,3000,100,5,1,0.398570787515,0.836477320899,0.802342092869,0.936116060066,0.864070720588
5,3000,100,10,0.5,0.39799239763,0.836901229334,0.802021589615,0.937706795622,0.864571200272
5,3000,100,10,0.75,0.396753089337,0.838596863078,0.804146358038,0.9376431662,0.865777209069
5,3000,100,10,1,0.401323632217,0.835346898403,0.800883747023,0.936179689488,0.863257367192
5,3000,100,20,0.5,0.402069397142,0.834922989968,0.79945487095,0.937961313311,0.863186115959
5,3000,100,20,0.75,0.397936586239,0.837254486364,0.802579765095,0.937452277933,0.864785051243
5,3000,100,20,1,0.400706258381,0.834817012859,0.800426949538,0.935797912955,0.862831748957
6,500,25,5,0.5,0.473319773095,0.799667938392,0.755926994232,0.943942479002,0.839532336013
6,500,25,5,0.75,0.474291530236,0.797583721916,0.75342521328,0.944515143802,0.838215262461
6,500,25,5,1,0.475314851214,0.796311996609,0.751874800608,0.944960549758,0.837429213271
6,500,25,10,0.5,0.473971084775,0.800268475343,0.756245404731,0.944769661491,0.840055579279
6,500,25,10,0.75,0.473454625351,0.799667938392,0.754768946635,0.946805803003,0.839944797661
6,500,25,10,1,0.476316318526,0.794898968489,0.753207072124,0.937897683889,0.835458142917
6,500,25,20,0.5,0.474592370634,0.798678818708,0.7538165331,0.946487655892,0.839231127164
6,500,25,20,0.75,0.471898854287,0.801434223541,0.758001282172,0.943624331891,0.840684636279
6,500,25,20,1,0.475246008396,0.796311996609,0.753387806718,0.941206413846,0.8368807597
6,500,50,5,0.5,0.476653639288,0.796417973718,0.752050960937,0.944833290914,0.837489133901
6,500,50,5,0.75,0.476597226647,0.794792991381,0.750245876208,0.944960549758,0.836419287213
6,500,50,5,1,0.474243005501,0.798078281758,0.755682378814,0.940315601934,0.837945610718
6,500,50,10,0.5,0.474365727361,0.797301116292,0.75426573966,0.941715449224,0.83762968439
6,500,50,10,0.75,0.474970906583,0.798325561679,0.753946549929,0.945278696869,0.838831791742
6,500,50,10,1,0.476293594154,0.794757665678,0.753658601809,0.936370577755,0.835129620539
6,500,50,20,0.5,0.473402382729,0.799032075738,0.755739221367,0.94273351998,0.838933552461
6,500,50,20,0.75,0.474301992628,0.797795676134,0.753731584347,0.944324255536,0.838324121878
6,500,50,20,1,0.473534809396,0.798396213085,0.755627040636,0.941397302112,0.838325985742
6,500,100,5,0.5,0.478591127268,0.794404408648,0.751634399154,0.940506490201,0.835519799338
6,500,100,5,0.75,0.473388895746,0.798042956055,0.754632319639,0.942797149402,0.838281854837
6,500,100,5,1,0.472234941467,0.80023314964,0.757136762825,0.942542631713,0.83972057732
6,500,100,10,0.5,0.473839948698,0.799314681362,0.75570671545,0.943560702469,0.839245400964
6,500,100,10,0.75,0.47147775022,0.798431538788,0.754544426491,0.944069737847,0.838725922351
6,500,100,10,1,0.474635380666,0.796523950827,0.753831495536,0.940824637312,0.836982083381
6,500,100,20,0.5,0.476468821218,0.796665253639,0.752416751602,0.944578773225,0.837614033416
6,500,100,20,0.75,0.474626237119,0.797053836371,0.753859547062,0.942160855179,0.837542030199
6,500,100,20,1,0.472934874095,0.799208704253,0.756427206233,0.941524560957,0.838881299601
6,1000,25,5,0.5,0.438123649682,0.816059064575,0.776370406515,0.939233901756,0.850069425656
6,1000,25,5,0.75,0.436180400439,0.81764872121,0.779207062408,0.9370705014,0.850873812244
6,1000,25,5,1,0.437341550184,0.816624275823,0.776599270043,0.94018834309,0.850593148667
6,1000,25,10,0.5,0.43665206415,0.817401441289,0.777606360382,0.939933825401,0.851095243049
6,1000,25,10,0.75,0.440855055569,0.812985728416,0.773525431348,0.937706795622,0.84773320431
6,1000,25,10,1,0.435002171842,0.818355235269,0.779242699252,0.9387884958,0.851603530425
6,1000,25,20,0.5,0.438124215301,0.815387876219,0.775475319839,0.939488419445,0.849636081029
6,1000,25,20,0.75,0.434205754926,0.818673166596,0.780322364355,0.937261389667,0.851614353622
6,1000,25,20,1,0.434261841972,0.820722057369,0.782088558078,0.938661236956,0.853244587013
6,1000,50,5,0.5,0.44021957505,0.81492864208,0.775438121899,0.938406719267,0.849173130287
6,1000,50,5,0.75,0.435294055267,0.817966652536,0.777090608304,0.942479002291,0.851829303195
6,1000,50,5,1,0.435412846267,0.816871555744,0.777739065697,0.938343089845,0.850516812301
6,1000,50,10,0.5,0.439340525671,0.815917761763,0.776585920193,0.938470348689,0.849870960331
6,1000,50,10,0.75,0.437262118436,0.816624275823,0.777763813148,0.9376431662,0.850244008322
6,1000,50,10,1,0.43513582074,0.81824925816,0.779727593951,0.937515907356,0.851361911909
6,1000,50,20,0.5,0.435454426243,0.818920446517,0.779759686326,0.939106642912,0.852042904094
6,1000,50,20,0.75,0.436651267468,0.816730252932,0.775994006576,0.941779078646,0.85088251509
6,1000,50,20,1,0.436164547418,0.816518298714,0.777955281334,0.936943242555,0.850076613661
6,1000,100,5,0.5,0.439085043528,0.814893316377,0.775042317042,0.939170272334,0.849248000816
6,1000,100,5,0.75,0.43521888868,0.818107955348,0.778759513024,0.939233901756,0.851493375013
6,1000,100,5,1,0.435707896497,0.816624275823,0.776614038898,0.940124713668,0.850581674201
6,1000,100,10,0.5,0.438943816534,0.815988413169,0.775644754525,0.940633749046,0.850208610192
6,1000,100,10,0.75,0.437616306718,0.81528189911,0.775739084041,0.938661236956,0.849451578487
6,1000,100,10,1,0.436535846494,0.81694220715,0.777813670994,0.938343089845,0.850560012182
6,1000,100,20,0.5,0.437480923264,0.815988413169,0.776731172334,0.938279460422,0.84989423151
6,1000,100,20,0.75,0.440398599197,0.813444962555,0.773383845731,0.939170272334,0.848252259233
6,1000,100,20,1,0.43773074718,0.81658895012,0.777802505715,0.937452277933,0.850193052379
6,2000,25,5,0.5,0.405922106958,0.83400452169,0.797655310868,0.939297531178,0.862695921772
6,2000,25,5,0.75,0.403463379784,0.833686590363,0.798272768106,0.937325019089,0.862209430046
6,2000,25,5,1,0.403999145288,0.832944750601,0.795664063952,0.940697378468,0.862117108803
6,2000,25,10,0.5,0.404444893464,0.834605058641,0.798549731767,0.939043013489,0.863104485398
6,2000,25,10,0.75,0.405216829276,0.834534407235,0.798489903195,0.938915754645,0.863021378218
6,2000,25,10,1,0.405590515455,0.831920305214,0.797663261948,0.934270806821,0.860566402633
6,2000,25,20,0.5,0.406917083977,0.833792567472,0.798952573095,0.936243318911,0.862161813118
6,2000,25,20,0.75,0.406327821549,0.833509961848,0.798073643642,0.937261389667,0.862084840772
6,2000,25,20,1,0.408695120445,0.829518157411,0.795177555217,0.93337999491,0.85874580942
6,2000,50,5,0.5,0.406159755348,0.832450190759,0.797660783633,0.935543395266,0.861109597895
6,2000,50,5,0.75,0.405586719487,0.830966511234,0.792987184396,0.941270043268,0.860787707898
6,2000,50,5,1,0.406563678188,0.830931185531,0.795256130972,0.936625095444,0.860168596138
6,2000,50,10,0.5,0.406936517082,0.832450190759,0.795835344186,0.939170272334,0.86157713961
6,2000,50,10,0.75,0.400414033173,0.834605058641,0.79808201871,0.939933825401,0.863210199342
6,2000,50,10,1,0.404639458258,0.832980076304,0.797537581367,0.9370705014,0.861686198939
6,2000,50,20,0.5,0.405261215855,0.833509961848,0.797497063891,0.938470348689,0.862246532064
6,2000,50,20,0.75,0.405325419503,0.834322453017,0.799270503168,0.936879613133,0.862619479511
6,2000,50,20,1,0.408346014669,0.830295322877,0.797075951452,0.931471112242,0.859047391177
6,2000,100,5,0.5,0.406914802866,0.832591493571,0.795870100541,0.939488419445,0.861727347386
6,2000,100,5,0.75,0.407387100373,0.831849653808,0.796559711478,0.936243318911,0.86076914533
6,2000,100,5,1,0.405740568349,0.831849653808,0.79582295399,0.937706795622,0.860957460926
6,2000,100,10,0.5,0.409514840107,0.828917620461,0.795265766271,0.931725629931,0.858100086011
6,2000,100,10,0.75,0.406405934596,0.832803447789,0.795441775573,0.940824637312,0.862036060461
6,2000,100,10,1,0.407108336611,0.831319768263,0.794718775693,0.938661236956,0.860705792178
6,2000,100,20,0.5,0.409741719932,0.828882294758,0.794289048342,0.933570883176,0.858315257477
6,2000,100,20,0.75,0.407239143162,0.830577928501,0.795589467054,0.935161618733,0.859736463156
6,2000,100,20,1,0.407910995949,0.831390419669,0.796419899218,0.935416136421,0.860337315959
6,3000,25,5,0.5,0.395548783317,0.837183834958,0.803958761209,0.934652583355,0.864391644034
6,3000,25,5,0.75,0.391069295741,0.841281616504,0.807336698883,0.937961313311,0.867753469876
6,3000,25,5,1,0.393968063027,0.839550657058,0.806752062215,0.934970730466,0.866138299334
6,3000,25,10,0.5,0.393194875118,0.838102303236,0.80386841121,0.937006871978,0.865340965135
6,3000,25,10,0.75,0.394655671072,0.838172954642,0.805972383458,0.933189106643,0.864925527519
6,3000,25,10,1,0.393924481651,0.836583298008,0.803315090808,0.934461695088,0.863932654013
6,3000,25,20,0.5,0.395132321527,0.836618623711,0.803886909739,0.933443624332,0.863830587402
6,3000,25,20,0.75,0.392399938139,0.839762611276,0.806579742537,0.935797912955,0.866394027164
6,3000,25,20,1,0.394048880483,0.836230040978,0.804333154436,0.931662000509,0.86332598859
6,3000,50,5,0.5,0.391767322231,0.839939239791,0.805418598114,0.938406719267,0.866838878586
6,3000,50,5,0.75,0.389371130106,0.840751730959,0.807222173425,0.936943242555,0.867251893079
6,3000,50,5,1,0.392986345108,0.837784371909,0.805905231096,0.932361924154,0.864533180268
6,3000,50,10,0.5,0.392335219012,0.841175639395,0.807445584105,0.937515907356,0.867628022645
6,3000,50,10,0.75,0.38800626095,0.841281616504,0.808524434542,0.935734283533,0.867485638605
6,3000,50,10,1,0.395684243147,0.83697188074,0.804691725269,0.932743700687,0.863996691539
6,3000,50,20,0.5,0.393141660231,0.839480005652,0.806460929289,0.935352506999,0.866135441478
6,3000,50,20,0.75,0.396646406005,0.835276246997,0.802026239467,0.933825400865,0.862913715672
6,3000,50,20,1,0.391957667849,0.840115868306,0.807837142266,0.934461695088,0.866504177778
6,3000,100,5,0.5,0.393024020499,0.838349583157,0.804936234118,0.935734283533,0.865383991524
6,3000,100,5,0.75,0.394864066834,0.837431114879,0.805768790043,0.931852888776,0.864222831973
6,3000,100,5,1,0.391896755548,0.838490885969,0.805788270549,0.934270806821,0.865284993522
6,3000,100,10,0.5,0.400780102557,0.834463755829,0.801246268292,0.93337999491,0.862277757725
6,3000,100,10,0.75,0.395548992868,0.835417549809,0.799278879228,0.939488419445,0.863724460799
6,3000,100,10,1,0.398018145172,0.834039847393,0.801408662649,0.932043777043,0.861801324411
6,3000,100,20,0.5,0.390815294759,0.84099901088,0.807230616106,0.937515907356,0.867502114709
6,3000,100,20,0.75,0.392743714722,0.839939239791,0.806598185866,0.936179689488,0.866569510113
6,3000,100,20,1,0.395192125675,0.837395789176,0.805911808564,0.931471112242,0.864147218022
7,500,25,5,0.5,0.468868838277,0.800586406669,0.759108920155,0.9387884958,0.839428348964
7,500,25,5,0.75,0.466574544655,0.80249399463,0.760672703344,0.939997454823,0.840880472861
7,500,25,5,1,0.469276310628,0.798537515897,0.758612304214,0.934652583355,0.837434615458
7,500,25,10,0.5,0.466789917124,0.801716829165,0.760404495236,0.938661236956,0.840165471783
7,500,25,10,0.75,0.467020000835,0.800621732372,0.758524281613,0.94018834309,0.839639343366
7,500,25,10,1,0.462638620608,0.804436908294,0.764141678924,0.937134130822,0.841784786097
7,500,25,20,0.5,0.469730394456,0.799420658471,0.756565694949,0.941779078646,0.83906643806
7,500,25,20,0.75,0.465120619898,0.801080966511,0.759185885288,0.939870195979,0.839905374187
7,500,25,20,1,0.463947292256,0.801928783383,0.761092431835,0.937515907356,0.840133867627
7,500,50,5,0.5,0.466388999563,0.803483114314,0.76075660286,0.942415372868,0.841893505291
7,500,50,5,0.75,0.463647926964,0.804012999859,0.761283392002,0.942542631713,0.842267628627
7,500,50,5,1,0.465143334381,0.803023880175,0.762601804454,0.936879613133,0.84079158459
7,500,50,10,0.5,0.466247375511,0.801010315105,0.757624811096,0.943433443624,0.840373209027
7,500,50,10,0.75,0.464130169552,0.802988554472,0.760505604784,0.941715449224,0.841462366469
7,500,50,10,1,0.461882408802,0.805108096651,0.763142782079,0.941015525579,0.842791966465
7,500,50,20,0.5,0.467476741495,0.801752154868,0.758688762429,0.942797149402,0.840778860235
7,500,50,20,0.75,0.465928576497,0.801363572135,0.757816304179,0.943942479002,0.840688128224
7,500,50,20,1,0.461940104017,0.805673307899,0.763048424536,0.94273351998,0.843416777678
7,500,100,5,0.5,0.466561206662,0.802741274551,0.759525761806,0.943433443624,0.841540759897
7,500,100,5,0.75,0.463318965385,0.803765719938,0.758943236673,0.947505726648,0.842802056814
7,500,100,5,1,0.467804623483,0.79952663558,0.757700292175,0.939361160601,0.838788736104
7,500,100,10,0.5,0.466663277918,0.801575526353,0.758405860181,0.942988037669,0.840682994016
7,500,100,10,0.75,0.464755341617,0.801822806274,0.759692460247,0.940570119623,0.840508317456
7,500,100,10,1,0.465836048841,0.801716829165,0.76015852074,0.939170272334,0.840234650654
7,500,100,20,0.5,0.467178996291,0.80154020065,0.758216472193,0.943369814202,0.84071752211
7,500,100,20,0.75,0.46694100449,0.800197823937,0.759420780005,0.937006871978,0.838907466614
7,500,100,20,1,0.462700882301,0.805002119542,0.761211246646,0.945405955714,0.843346767542
7,1000,25,5,0.5,0.428668795577,0.820333474636,0.781846916433,0.938152201578,0.852894525066
7,1000,25,5,0.75,0.42763515004,0.823300833687,0.782962512174,0.943178925935,0.855631884258
7,1000,25,5,1,0.426150529474,0.822241062597,0.785008378284,0.936243318911,0.853978966872
7,1000,25,10,0.5,0.426853546167,0.822594319627,0.783887595202,0.939488419445,0.854657384439
7,1000,25,10,0.75,0.426587040772,0.823724742122,0.785677509129,0.938533978111,0.855323477794
7,1000,25,10,1,0.428725514783,0.819732937685,0.781440829648,0.937515907356,0.852387181029
7,1000,25,20,0.5,0.430884167741,0.819061749329,0.780843605216,0.937197760244,0.851896243399
7,1000,25,20,0.75,0.429854490941,0.822029108379,0.783963574645,0.937897683889,0.85404861468
7,1000,25,20,1,0.426997415114,0.82096933729,0.782226110031,0.938979384067,0.853458755153
7,1000,50,5,0.5,0.428502530439,0.820792708775,0.781786834381,0.939488419445,0.853403410141
7,1000,50,5,0.75,0.425746570026,0.823654090716,0.784837064533,0.940124713668,0.85548444109
7,1000,50,5,1,0.427755054932,0.822311714003,0.782449088648,0.941842708068,0.854772909482
7,1000,50,10,0.5,0.428569959498,0.821817154161,0.7835087268,0.938343089845,0.853962238484
7,1000,50,10,0.75,0.427001052028,0.822594319627,0.783761648377,0.939742937134,0.854687677434
7,1000,50,10,1,0.422490755962,0.826550798361,0.788531263601,0.939552048867,0.857442392329
7,1000,50,20,0.5,0.427415377099,0.822417691112,0.782311312518,0.942415372868,0.854926109778
7,1000,50,20,0.75,0.425645394241,0.823088879469,0.785632109618,0.9370705014,0.854687745724
7,1000,50,20,1,0.425895908801,0.823512787904,0.784477267867,0.940506490201,0.85543384937
7,1000,100,5,0.5,0.431024830742,0.819732937685,0.781503881578,0.937388648511,0.852376555868
7,1000,100,5,0.75,0.431118616549,0.819450332062,0.782272408097,0.93509798931,0.8518798406
7,1000,100,5,1,0.431699396814,0.818143281051,0.779552804741,0.937579536778,0.851292193104
7,1000,100,10,0.5,0.428107945424,0.822453016815,0.783814872328,0.939297531178,0.854533058908
7,1000,100,10,0.75,0.431115235829,0.819980217606,0.782148624662,0.936688724866,0.852455854804
7,1000,100,10,1,0.427846800469,0.821675851349,0.784197376902,0.936561466022,0.853627857606
7,1000,100,20,0.5,0.433560200656,0.816376995902,0.779046479635,0.934207177399,0.849599126477
7,1000,100,20,0.75,0.430925449653,0.820828034478,0.781688817123,0.939806566556,0.85347031755
7,1000,100,20,1,0.427326428169,0.821181291508,0.782915261588,0.938024942734,0.853472359302
7,2000,25,5,0.5,0.400377535762,0.835028967076,0.800095172001,0.937006871978,0.863145282531
7,2000,25,5,0.75,0.401130612388,0.832838773492,0.79774212511,0.936306948333,0.861484476847
7,2000,25,5,1,0.397340586217,0.836230040978,0.803238844204,0.933761771443,0.863594589489
7,2000,25,10,0.5,0.4030847759,0.832096933729,0.797031530621,0.935988801222,0.860921785769
7,2000,25,10,0.75,0.401176977809,0.833863218878,0.79923593412,0.935861542377,0.862162729472
7,2000,25,10,1,0.400747029639,0.834675710047,0.799783628508,0.936752354289,0.862856560289
7,2000,25,20,0.5,0.400523693815,0.833615938957,0.798964687929,0.935797912955,0.861976239414
7,2000,25,20,0.75,0.398402830556,0.836230040978,0.800794417157,0.938470348689,0.864183066888
7,2000,25,20,1,0.396773245225,0.836936555037,0.801369135477,0.939106642912,0.864778460192
7,2000,50,5,0.5,0.397276978439,0.838561537375,0.803915086275,0.938024942734,0.86580447175
7,2000,50,5,0.75,0.401272865471,0.832662144977,0.798192669818,0.935034359888,0.861199687322
7,2000,50,5,1,0.400551202738,0.833439310442,0.798502736613,0.936306948333,0.861923624389
7,2000,50,10,0.5,0.405800098983,0.832626819274,0.799391045799,0.93255281242,0.860849308636
7,2000,50,10,0.75,0.397714119823,0.838137628939,0.802986420313,0.938852125223,0.86560497045
7,2000,50,10,1,0.397357624872,0.836441995196,0.803183410451,0.934398065666,0.863831542593
7,2000,50,20,0.5,0.401052831124,0.834852338562,0.80005319932,0.936625095444,0.862963543347
7,2000,50,20,0.75,0.402435669009,0.831884979511,0.797407840722,0.934652583355,0.860590421277
7,2000,50,20,1,0.395362041946,0.835629504027,0.801815856431,0.93509798931,0.863331905786
7,2000,100,5,0.5,0.39893696549,0.83732513777,0.803130699323,0.936561466022,0.864728637606
7,2000,100,5,0.75,0.401082767417,0.83400452169,0.798436194742,0.937770425045,0.862494067922
7,2000,100,5,1,0.398487096557,0.834428430126,0.799851286281,0.935988801222,0.862579600998
7,2000,100,10,0.5,0.399495298912,0.83566482973,0.801307422062,0.936116060066,0.86347979654
7,2000,100,10,0.75,0.399986095317,0.832803447789,0.798891015005,0.93395265971,0.861155513015
7,2000,100,10,1,0.399837285991,0.835134944185,0.801376563117,0.934716212777,0.862925248428
7,2000,100,20,0.5,0.400249816915,0.834781687156,0.800446940178,0.93567065411,0.862789102282
7,2000,100,20,0.75,0.399211292354,0.833933870284,0.80050524201,0.933570883176,0.861923595651
7,2000,100,20,1,0.398267116287,0.835841458245,0.802418438932,0.934461695088,0.863410433194
7,3000,25,5,0.5,0.393559533732,0.838137628939,0.804642403242,0.935607024688,0.86519571159
7,3000,25,5,0.75,0.39046159051,0.840751730959,0.808049383887,0.935352506999,0.867049691629
7,3000,25,5,1,0.387464563163,0.840751730959,0.807922186949,0.93567065411,0.867102828056
7,3000,25,10,0.5,0.39367719564,0.836194715275,0.80296528066,0.934270806821,0.863637208922
7,3000,25,10,0.75,0.389472571534,0.841811502049,0.810513693793,0.933252736065,0.867560230005
7,3000,25,10,1,0.388730139457,0.8400452169,0.808189085114,0.933443624332,0.866307043706
7,3000,25,20,0.5,0.387529950151,0.841210965098,0.808063009522,0.936434207177,0.867518255189
7,3000,25,20,0.75,0.395114187218,0.83601808676,0.802850132986,0.934016289132,0.863475017834
7,3000,25,20,1,0.392952272566,0.838208280345,0.805422182434,0.934334436243,0.865090616567
7,3000,50,5,0.5,0.396102630646,0.83601808676,0.804009200046,0.931789259354,0.863192136979
7,3000,50,5,0.75,0.394119922371,0.838455560266,0.806623415449,0.932616441843,0.865052366466
7,3000,50,5,1,0.393450874155,0.838808817295,0.807488788008,0.931852888776,0.865218269332
7,3000,50,10,0.5,0.394842099107,0.836336018087,0.804218925514,0.932171035887,0.863473052824
7,3000,50,10,0.75,0.392951098767,0.837466440582,0.80468869143,0.93395265971,0.864508159306
7,3000,50,10,1,0.387671024609,0.840928359474,0.810797450001,0.930643929753,0.866596079878
7,3000,50,20,0.5,0.392994960894,0.837749046206,0.806742645179,0.930707559175,0.864300904235
7,3000,50,20,0.75,0.391455631812,0.839550657058,0.807527942554,0.933507253754,0.865953204324
7,3000,50,20,1,0.388771524561,0.841175639395,0.809445157573,0.933761771443,0.867165107424
7,3000,100,5,0.5,0.389407070426,0.840539776742,0.807792183483,0.935416136421,0.866912684371
7,3000,100,5,0.75,0.388072376061,0.84170552494,0.809703620096,0.93452532451,0.867642108164
7,3000,100,5,1,0.395527650756,0.835912109651,0.804119224653,0.931343853398,0.863059203907
7,3000,100,10,0.5,0.388200496953,0.839374028543,0.807682724901,0.932807330109,0.865739314153
7,3000,100,10,0.75,0.391579108225,0.840009891197,0.806561405554,0.936434207177,0.86665337545
7,3000,100,10,1,0.387485434266,0.842376713297,0.810807610549,0.934079918554,0.868074660358
7,3000,100,20,0.5,0.390482256102,0.840963685177,0.808492595738,0.93509798931,0.867188784571
7,3000,100,20,0.75,0.391147553995,0.839621308464,0.80656473132,0.935479765844,0.866251346642
7,3000,100,20,1,0.393291093557,0.837077857849,0.804823470219,0.932743700687,0.864073544805
