max_depth,n_trees,n_leaves,early_stopping,col_sample,l,a,p,r,f
4,500,25,5,0.5,0.504954226587,0.779073053554,0.733524711948,0.945596843981,0.826161265763
4,500,25,5,0.75,0.501293441334,0.784301257595,0.738652868179,0.946296767625,0.829678227704
4,500,25,5,1,0.500553567507,0.784089303377,0.739073840362,0.944642402647,0.829290960581
4,500,25,10,0.5,0.502782581503,0.781651829871,0.735453106667,0.947632985492,0.828160733643
4,500,25,10,0.75,0.501679302851,0.782711600961,0.738840653416,0.941397302112,0.827887457362
4,500,25,10,1,0.496075605806,0.788893598983,0.745053848339,0.942160855179,0.832087437854
4,500,25,20,0.5,0.503550569994,0.778225236682,0.732211757908,0.946805803003,0.825793867138
4,500,25,20,0.75,0.498715928288,0.783700720644,0.737842757322,0.946805803003,0.829363921145
4,500,25,20,1,0.497704004594,0.78613819415,0.743100073,0.939742937134,0.829889088027
4,500,50,5,0.5,0.500339826548,0.784053977674,0.737977134357,0.947442097226,0.829684390943
4,500,50,5,0.75,0.499278676598,0.785502331496,0.739204501534,0.948205650293,0.830755076221
4,500,50,5,1,0.4983444954,0.787056662428,0.74148859135,0.946614914737,0.831541953004
4,500,50,10,0.5,0.500362219136,0.785007771655,0.738187648607,0.94954186816,0.830627592516
4,500,50,10,0.75,0.497949524573,0.786668079695,0.740137927517,0.948905573937,0.831618692589
4,500,50,10,1,0.496497989281,0.789529461636,0.744140810027,0.946296767625,0.833118118285
4,500,50,20,0.5,0.502539474586,0.781863784089,0.736096942032,0.94642402647,0.828110664327
4,500,50,20,0.75,0.498860714439,0.782994206585,0.737312543381,0.946296767625,0.82882763025
4,500,50,20,1,0.496494963939,0.788716970468,0.741373455761,0.951323491983,0.833323700906
4,500,100,5,0.5,0.501140618505,0.783665394941,0.737355191191,0.948078391448,0.829538850075
4,500,100,5,0.75,0.499765845271,0.783983326268,0.738233968913,0.946551285314,0.829508279573
4,500,100,5,1,0.500375658943,0.786562102586,0.742960106502,0.941206413846,0.830401094065
4,500,100,10,0.5,0.503341740204,0.780486081673,0.735865415137,0.943178925935,0.826710030179
4,500,100,10,0.75,0.500211351322,0.784548537516,0.739387562137,0.94502417918,0.829646743084
4,500,100,10,1,0.497630755733,0.787869153596,0.741604142233,0.948396538559,0.832328623169
4,500,100,20,0.5,0.500229345023,0.785043097358,0.739645772947,0.945724102825,0.830078694435
4,500,100,20,0.75,0.502593184855,0.782994206585,0.739991809108,0.939233901756,0.827768645808
4,500,100,20,1,0.498776312825,0.786915359616,0.744912689092,0.937134130822,0.83002845757
4,1000,25,5,0.5,0.463574484042,0.801681503462,0.758662784593,0.942669890557,0.840709320724
4,1000,25,5,0.75,0.456209146204,0.809099901088,0.764788384124,0.947632985492,0.846442530792
4,1000,25,5,1,0.457732782578,0.808040129999,0.764286468116,0.946042249936,0.845503364257
4,1000,25,10,0.5,0.45934499544,0.805602656493,0.761698120296,0.945724102825,0.843792908526
4,1000,25,10,0.75,0.457531961845,0.806167867741,0.763601555869,0.94273351998,0.843760179603
4,1000,25,10,1,0.459404725795,0.80592058782,0.763134109827,0.943178925935,0.843656641677
4,1000,25,20,0.5,0.461137166956,0.803624417126,0.759836725859,0.944960549758,0.842344864649
4,1000,25,20,0.75,0.463223972301,0.801469549244,0.758085542914,0.943497073047,0.840688078095
4,1000,25,20,1,0.459419751261,0.805002119542,0.760722068209,0.946487655892,0.843495608124
4,1000,50,5,0.5,0.459088473343,0.806945033206,0.763898893539,0.944069737847,0.844478477982
4,1000,50,5,0.75,0.457446844111,0.804684188215,0.761389749415,0.944133367269,0.842960844928
4,1000,50,5,1,0.456517949874,0.809523809524,0.767038145555,0.943624331891,0.846192406605
4,1000,50,10,0.5,0.460064688287,0.804366256889,0.76079460899,0.944642402647,0.842804944845
4,1000,50,10,0.75,0.458718860294,0.806061890632,0.762326205645,0.945469585136,0.844074558122
4,1000,50,10,1,0.458492550247,0.806556450473,0.762742498939,0.945787732247,0.844451021133
4,1000,50,20,0.5,0.463734857372,0.801045640808,0.758472333511,0.941460931535,0.840114139154
4,1000,50,20,0.75,0.459024605833,0.805496679384,0.762588480715,0.943369814202,0.84339195796
4,1000,50,20,1,0.454911074824,0.808781969761,0.765127380669,0.946042249936,0.846007054514
4,1000,100,5,0.5,0.462859137697,0.804295605483,0.760163539938,0.945978620514,0.842947050466
4,1000,100,5,0.75,0.45626287488,0.809417832415,0.765482222995,0.946805803003,0.846540450492
4,1000,100,5,1,0.461845155718,0.803871697047,0.761738012281,0.941142784424,0.841982948424
4,1000,100,10,0.5,0.460448344286,0.804896142433,0.761649850872,0.944006108425,0.843076141451
4,1000,100,10,0.75,0.459584149394,0.805708633602,0.762364349419,0.94445151438,0.843693051978
4,1000,100,10,1,0.458281435591,0.804648862512,0.761568283745,0.943560702469,0.842847170258
4,1000,100,20,0.5,0.460725980124,0.804542885403,0.761408988874,0.943687961313,0.84279972441
4,1000,100,20,0.75,0.455832311792,0.806627101879,0.763812372546,0.943433443624,0.844169123764
4,1000,100,20,1,0.458988573629,0.805814610711,0.763533696765,0.941969966913,0.843413457817
4,2000,25,5,0.5,0.421039478245,0.826798078282,0.785439214825,0.946614914737,0.85852687631
4,2000,25,5,0.75,0.418410524929,0.825985587113,0.787575735782,0.94018834309,0.85713005949
4,2000,25,5,1,0.417993185763,0.824501907588,0.785189609201,0.941524560957,0.856266546953
4,2000,25,10,0.5,0.417427565574,0.827893175074,0.788046924678,0.943942479002,0.858965785109
4,2000,25,10,0.75,0.416073867851,0.829129574679,0.79046603449,0.94190633749,0.859562971189
4,2000,25,10,1,0.419932518008,0.825031793133,0.785143729689,0.942924408246,0.856818830091
4,2000,25,20,0.5,0.422721612054,0.825102444539,0.785911185311,0.941460931535,0.85667597765
4,2000,25,20,0.75,0.418480344656,0.829376854599,0.789678902753,0.944133367269,0.8600225158
4,2000,25,20,1,0.417651382397,0.828776317649,0.788196423638,0.945724102825,0.859801632048
4,2000,50,5,0.5,0.419207024864,0.8270100325,0.785928155186,0.946169508781,0.858623136667
4,2000,50,5,0.75,0.421884830519,0.823477462201,0.785622292387,0.938024942734,0.855083152876
4,2000,50,5,1,0.416452445565,0.828635014837,0.78987437294,0.94190633749,0.859212377683
4,2000,50,10,0.5,0.424822012959,0.822770948142,0.781954581899,0.944069737847,0.855384941121
4,2000,50,10,0.75,0.419617769704,0.825385050162,0.784664086624,0.944769661491,0.857299689136
4,2000,50,10,1,0.415311208052,0.827575243747,0.788590915863,0.941969966913,0.858474312814
4,2000,50,20,0.5,0.416452098833,0.828846969055,0.790812799546,0.940506490201,0.859184342774
4,2000,50,20,0.75,0.420690304102,0.825491027271,0.784272119081,0.94585136167,0.857513239264
4,2000,50,20,1,0.412307868326,0.830931185531,0.79156812616,0.944069737847,0.86111454706
4,2000,100,5,0.5,0.423020271698,0.823512787904,0.784377765383,0.940697378468,0.855453948004
4,2000,100,5,0.75,0.419492642924,0.826374169846,0.787278057479,0.941715449224,0.857597550055
4,2000,100,5,1,0.418633772682,0.826197541331,0.786218084983,0.943497073047,0.857705242959
4,2000,100,10,0.5,0.41832564086,0.827822523668,0.787873743234,0.944069737847,0.858923227425
4,2000,100,10,0.75,0.418469608982,0.8270100325,0.786942582825,0.944006108425,0.858343792942
4,2000,100,10,1,0.41310133225,0.830471951392,0.790982623872,0.944133367269,0.860796141228
4,2000,100,20,0.5,0.418876564027,0.827045358203,0.787351445593,0.943242555358,0.858269325006
4,2000,100,20,0.75,0.419060563888,0.825667655786,0.784852846589,0.945087808603,0.857543235261
4,2000,100,20,1,0.42220938554,0.822523668221,0.78360700253,0.939870195979,0.854648719826
4,3000,25,5,0.5,0.393643425977,0.839268051434,0.802276145574,0.942860778824,0.866903660803
4,3000,25,5,0.75,0.397332410214,0.836547972305,0.800110169065,0.940570119623,0.864670800701
4,3000,25,5,1,0.396554040157,0.838208280345,0.801102930841,0.942606261135,0.866112022187
4,3000,25,10,0.5,0.400064025667,0.835770806839,0.800579005309,0.937834054467,0.863782543749
4,3000,25,10,0.75,0.398419371013,0.836300692384,0.799227757332,0.941715449224,0.864638441607
4,3000,25,10,1,0.394234975652,0.840539776742,0.804048887685,0.942479002291,0.867776160278
4,3000,25,20,0.5,0.397035076019,0.837395789176,0.799438087806,0.943942479002,0.865691577839
4,3000,25,20,0.75,0.400097494936,0.836759926523,0.79929128925,0.94273351998,0.865100121848
4,3000,25,20,1,0.397228634098,0.83838490886,0.801095883151,0.943051667091,0.86629634052
4,3000,50,5,0.5,0.397623843381,0.838561537375,0.80072404232,0.944196996691,0.866560403146
4,3000,50,5,0.75,0.396615841848,0.839126748622,0.802926948605,0.941270043268,0.866610690759
4,3000,50,5,1,0.395089444787,0.839974565494,0.803917013996,0.941397302112,0.867235160222
4,3000,50,10,0.5,0.396770034503,0.839126748622,0.800474878736,0.946042249936,0.867190397797
4,3000,50,10,0.75,0.396963948714,0.837855023315,0.801828715691,0.940379231357,0.865589141397
4,3000,50,10,1,0.39608205672,0.840857708068,0.805789029921,0.939933825401,0.867690250077
4,3000,50,20,0.5,0.396034562188,0.840610428148,0.803783873064,0.943178925935,0.867909756135
4,3000,50,20,0.75,0.398660529463,0.836689275117,0.798579066294,0.943942479002,0.865194412679
4,3000,50,20,1,0.397491269129,0.837855023315,0.800161831909,0.943624331891,0.865987964389
4,3000,100,5,0.5,0.399608397568,0.835558852621,0.799611578604,0.939170272334,0.863788426081
4,3000,100,5,0.75,0.394478586478,0.837855023315,0.799641264938,0.944642402647,0.866109098045
4,3000,100,5,1,0.393391663861,0.840221845415,0.802998747749,0.943751590736,0.867698191585
4,3000,100,10,0.5,0.394355167344,0.839833262682,0.802194038205,0.944387884958,0.867496944123
4,3000,100,10,0.75,0.396511775458,0.837466440582,0.801890258058,0.939297531178,0.865171612002
4,3000,100,10,1,0.396971773716,0.836653949414,0.799466056495,0.942097225757,0.864936888281
4,3000,100,20,0.5,0.393964526383,0.839515331355,0.80315738532,0.941779078646,0.866955435215
4,3000,100,20,0.75,0.397834329597,0.835594178324,0.80094792154,0.936688724866,0.863509359992
4,3000,100,20,1,0.396444467736,0.838066977533,0.800345303814,0.943815220158,0.866170482539
5,500,25,5,0.5,0.483416364537,0.795640808252,0.750225684196,0.947314838381,0.837322437846
5,500,25,5,0.75,0.485903965368,0.793379963261,0.75091409073,0.93961567829,0.834696641041
5,500,25,5,1,0.48075272455,0.797265790589,0.753496604183,0.943497073047,0.837840671382
5,500,25,10,0.5,0.487541681796,0.790624558429,0.745083435099,0.946805803003,0.833915680841
5,500,25,10,0.75,0.484442299731,0.794051151618,0.748578175684,0.947187579537,0.836246358966
5,500,25,10,1,0.483829569086,0.794651688569,0.750223736398,0.944642402647,0.836273522274
5,500,25,20,0.5,0.487222095481,0.790094672884,0.745842651248,0.943433443624,0.833076829031
5,500,25,20,0.75,0.485190280383,0.79288540342,0.748423391036,0.94445151438,0.835077756381
5,500,25,20,1,0.484797731594,0.794086477321,0.752893958853,0.936561466022,0.834723146899
5,500,50,5,0.5,0.484236481113,0.794333757242,0.748248468596,0.948778315093,0.836662721717
5,500,50,5,0.75,0.486780711817,0.791295746785,0.748746882585,0.939297531178,0.83324998597
5,500,50,5,1,0.486832397608,0.791013141162,0.747995139895,0.940442860779,0.833239657115
5,500,50,10,0.5,0.48504357742,0.794333757242,0.749629109413,0.945278696869,0.836155612669
5,500,50,10,0.75,0.486563846293,0.791083792567,0.747274785435,0.942479002291,0.833586762304
5,500,50,10,1,0.484060978337,0.794051151618,0.748881827831,0.94642402647,0.836140023349
5,500,50,20,0.5,0.489217537798,0.788045782111,0.743660133118,0.943433443624,0.831716909817
5,500,50,20,0.75,0.485800624067,0.792355517875,0.745685309152,0.949987274116,0.835526815814
5,500,50,20,1,0.484235364138,0.794369082945,0.751527602786,0.940633749046,0.835498035623
5,500,100,5,0.5,0.484075969485,0.79419245443,0.749368316889,0.945596843981,0.836112749386
5,500,100,5,0.75,0.48604087481,0.792496820687,0.748039465458,0.944324255536,0.834793856658
5,500,100,5,1,0.482355978185,0.796029390985,0.752661816579,0.942288114024,0.836849629017
5,500,100,10,0.5,0.48433310054,0.794157128727,0.749148286071,0.946042249936,0.836154432113
5,500,100,10,0.75,0.486092310386,0.793450614667,0.749220845741,0.943942479002,0.83536688419
5,500,100,10,1,0.48354344028,0.796947859262,0.754340055626,0.940570119623,0.83721195996
5,500,100,20,0.5,0.489221859383,0.788010456408,0.742896067544,0.945342326292,0.831976463353
5,500,100,20,0.75,0.48726647209,0.790942489756,0.746167909492,0.944896920336,0.8338477661
5,500,100,20,1,0.4853388346,0.794051151618,0.751099926851,0.940824637312,0.835315028582
5,1000,25,5,0.5,0.443882755371,0.814292779426,0.771288953847,0.946105879359,0.849793407616
5,1000,25,5,0.75,0.447317394476,0.812067260138,0.768734086562,0.946169508781,0.848267446995
5,1000,25,5,1,0.443669806322,0.814045499505,0.770729452131,0.946678544159,0.849686259038
5,1000,25,10,0.5,0.444695550914,0.812597145683,0.77059515725,0.94330618478,0.848237871867
5,1000,25,10,0.75,0.443645531895,0.813833545288,0.771457564038,0.944515143802,0.849254992382
5,1000,25,10,1,0.441837463683,0.813727568179,0.771209114213,0.944769661491,0.849210666127
5,1000,25,20,0.5,0.444994008698,0.813974848099,0.772698564965,0.942160855179,0.849036903847
5,1000,25,20,0.75,0.44427006012,0.814540059347,0.773103455598,0.942606261135,0.84947722247
5,1000,25,20,1,0.442499130256,0.815246573407,0.773646066395,0.943242555358,0.850057183276
5,1000,50,5,0.5,0.446456666203,0.812349865762,0.770221264034,0.943497073047,0.848093958407
5,1000,50,5,0.75,0.44741346363,0.810760209128,0.768811150742,0.942606261135,0.846879324227
5,1000,50,5,1,0.44576841053,0.811113466158,0.769550043017,0.941842708068,0.847020458309
5,1000,50,10,0.5,0.446764606039,0.81054825491,0.76791092351,0.944133367269,0.846944049794
5,1000,50,10,0.75,0.444269943384,0.813656916773,0.770902123945,0.945405955714,0.849261119901
5,1000,50,10,1,0.446307910097,0.809983043663,0.768847984978,0.940506490201,0.84605528665
5,1000,50,20,0.5,0.444588273286,0.812279214356,0.770801739998,0.941969966913,0.847830714317
5,1000,50,20,0.75,0.445956305489,0.810760209128,0.768899188068,0.942415372868,0.846857994585
5,1000,50,20,1,0.443660967856,0.813939522396,0.771588506108,0.94445151438,0.849313060641
5,1000,100,5,0.5,0.445744741476,0.811502048891,0.769118943756,0.943815220158,0.847554458499
5,1000,100,5,0.75,0.444755829261,0.813586265367,0.771527401432,0.943687961313,0.848963380546
5,1000,100,5,1,0.444507627218,0.812738448495,0.771029493589,0.942669890557,0.848249944016
5,1000,100,10,0.5,0.447332672083,0.811148791861,0.769350591338,0.942479002291,0.847146118569
5,1000,100,10,0.75,0.446160868418,0.810936837643,0.768734125582,0.943242555358,0.847086954113
5,1000,100,10,1,0.446576740757,0.810371626395,0.768580547439,0.942160855179,0.846558772433
5,1000,100,20,0.5,0.447132012505,0.812349865762,0.770519803357,0.942797149402,0.847989302495
5,1000,100,20,0.75,0.441725621025,0.815741133249,0.772346250996,0.947378467804,0.850952636347
5,1000,100,20,1,0.442890236034,0.816094390278,0.773729529008,0.945151438025,0.850891838642
5,2000,25,5,0.5,0.405858722252,0.834039847393,0.795853503291,0.942988037669,0.863186133059
5,2000,25,5,0.75,0.405905418041,0.833863218878,0.796009630945,0.942224484602,0.862964216808
5,2000,25,5,1,0.405404437355,0.832803447789,0.794885819205,0.94190633749,0.862164081013
5,2000,25,10,0.5,0.404357922682,0.835594178324,0.796477799598,0.945469585136,0.864599675988
5,2000,25,10,0.75,0.405364237189,0.834181150205,0.796727344365,0.941588190379,0.863116992647
5,2000,25,10,1,0.404338184536,0.834428430126,0.796383514207,0.942860778824,0.863447766798
5,2000,25,20,0.5,0.404547871679,0.833933870284,0.795284391473,0.94387884958,0.863227263324
5,2000,25,20,0.75,0.401801663966,0.835523526918,0.796870775731,0.944515143802,0.864432652216
5,2000,25,20,1,0.409628501583,0.831143139748,0.793017819203,0.941651819801,0.860960980635
5,2000,50,5,0.5,0.407012905632,0.831849653808,0.794038422581,0.94133367269,0.861428776694
5,2000,50,5,0.75,0.402202957321,0.836583298008,0.800196455151,0.940506490201,0.864693513261
5,2000,50,5,1,0.402500120997,0.836441995196,0.798503845663,0.943497073047,0.864960590255
5,2000,50,10,0.5,0.403495035397,0.836300692384,0.799463805534,0.941270043268,0.86458243679
5,2000,50,10,0.75,0.403785122261,0.835382224106,0.795592558141,0.946742173581,0.864606345946
5,2000,50,10,1,0.405249280735,0.833121379115,0.79562665776,0.941206413846,0.862309844255
5,2000,50,20,0.5,0.406557642184,0.832732796383,0.796906114855,0.937706795622,0.861588372552
5,2000,50,20,0.75,0.404298275534,0.834075173096,0.795222041248,0.944324255536,0.863379965711
5,2000,50,20,1,0.405196133604,0.833545287551,0.797141152227,0.939233901756,0.862363389199
5,2000,100,5,0.5,0.408815439905,0.830719231313,0.792186736091,0.942288114024,0.8607404667
5,2000,100,5,0.75,0.405716662108,0.834499081532,0.79556389486,0.944642402647,0.863712324141
5,2000,100,5,1,0.4039174513,0.834251801611,0.796124077708,0.942924408246,0.863324956858
5,2000,100,10,0.5,0.403634640496,0.836194715275,0.798697807106,0.942542631713,0.864668508214
5,2000,100,10,0.75,0.406143058425,0.83435777872,0.795148194168,0.945151438025,0.863678489004
5,2000,100,10,1,0.409708042453,0.830365974283,0.79251779462,0.94076100789,0.860295624449
5,2000,100,20,0.5,0.406991940789,0.831567048184,0.79269284911,0.943369814202,0.861484452838
5,2000,100,20,0.75,0.410200217883,0.828635014837,0.789993964871,0.941651819801,0.859178915254
5,2000,100,20,1,0.40539554833,0.83269747068,0.793724450521,0.944006108425,0.86236341757
5,3000,25,5,0.5,0.383035381928,0.845202769535,0.809581595708,0.942988037669,0.87119635293
5,3000,25,5,0.75,0.387483225573,0.840292496821,0.805911971392,0.938343089845,0.867087580094
5,3000,25,5,1,0.383098965416,0.844354952664,0.808766700688,0.942542631713,0.870541189234
5,3000,25,10,0.5,0.387330491933,0.842694644623,0.807574954088,0.940888266735,0.869137541539
5,3000,25,10,0.75,0.383980989646,0.844001695634,0.80970955236,0.939933825401,0.869971149121
5,3000,25,10,1,0.383195709694,0.842482690406,0.806252329844,0.942860778824,0.869218576232
5,3000,25,20,0.5,0.384212301159,0.84336583298,0.809921082049,0.938024942734,0.869274069226
5,3000,25,20,0.75,0.383496088689,0.844001695634,0.808808914334,0.941588190379,0.870161582594
5,3000,25,20,1,0.385530740961,0.842306061891,0.807035028946,0.940951896157,0.868859920728
5,3000,50,5,0.5,0.385219980001,0.842094107673,0.806681935689,0.941142784424,0.86873446599
5,3000,50,5,0.75,0.383083945851,0.847075031793,0.811453330325,0.94387884958,0.872668083036
5,3000,50,5,1,0.383214371706,0.843825067119,0.808711707311,0.941397302112,0.870017811904
5,3000,50,10,0.5,0.384993650483,0.844178324149,0.809799614561,0.94018834309,0.870129617368
5,3000,50,10,0.75,0.386290281495,0.84301257595,0.809028372576,0.938852125223,0.869118752981
5,3000,50,10,1,0.386016630418,0.841387593613,0.807910763456,0.937134130822,0.867734105397
5,3000,50,20,0.5,0.385970237121,0.84170552494,0.806389950739,0.940824637312,0.868425811954
5,3000,50,20,0.75,0.387159591566,0.842835947435,0.807940854933,0.940506490201,0.86919220843
5,3000,50,20,1,0.382609231526,0.843966369931,0.810984297657,0.937452277933,0.86964075511
5,3000,100,5,0.5,0.386586908863,0.842200084782,0.807956779746,0.938979384067,0.868551540967
5,3000,100,5,0.75,0.385523264756,0.843295181574,0.808780863935,0.940061084245,0.86947926596
5,3000,100,5,1,0.385176536382,0.841564222128,0.807951608554,0.937452277933,0.867896238935
5,3000,100,10,0.5,0.38747224442,0.841988130564,0.806037040374,0.942097225757,0.868769104601
5,3000,100,10,0.75,0.385257947715,0.842871273138,0.807664591986,0.941079155001,0.869282066121
5,3000,100,10,1,0.387271056943,0.840610428148,0.805714591413,0.939488419445,0.867466825045
5,3000,100,20,0.5,0.387347922649,0.841740850643,0.806741801658,0.94018834309,0.86836113169
5,3000,100,20,0.75,0.383103476303,0.845132118129,0.809373255342,0.943242555358,0.871184532201
5,3000,100,20,1,0.385992976252,0.842906598841,0.806085621272,0.944196996691,0.869685947843
6,500,25,5,0.5,0.476524559353,0.79751307051,0.754389481135,0.941969966913,0.837803381381
6,500,25,5,0.75,0.474532092059,0.798855447223,0.756503946412,0.940442860779,0.838488791236
6,500,25,5,1,0.473724920019,0.800197823937,0.756271296868,0.944578773225,0.839988780036
6,500,25,10,0.5,0.47473369034,0.797477744807,0.75452946659,0.941524560957,0.837716023285
6,500,25,10,0.75,0.472534137576,0.800763035184,0.757022812433,0.944260626114,0.840324508668
6,500,25,10,1,0.472631744114,0.80118694362,0.760127627872,0.937961313311,0.839714311427
6,500,25,20,0.5,0.47455674899,0.799420658471,0.75594414077,0.943242555358,0.839267845358
6,500,25,20,0.75,0.476199173819,0.796912533559,0.751771495027,0.946869432426,0.838111321931
6,500,25,20,1,0.471908347543,0.800551080967,0.758997909192,0.938979384067,0.839426170145
6,500,50,5,0.5,0.476953001445,0.796029390985,0.753038985312,0.941397302112,0.836735682107
6,500,50,5,0.75,0.473374596018,0.800021195422,0.757592137802,0.940888266735,0.839340184209
6,500,50,5,1,0.474583768767,0.796983184965,0.753285298593,0.943369814202,0.837652792162
6,500,50,10,0.5,0.475123510765,0.797089162074,0.753151364353,0.94387884958,0.837795730836
6,500,50,10,0.75,0.473180740159,0.800021195422,0.756795417994,0.942797149402,0.839607847929
6,500,50,10,1,0.46952299362,0.802953228769,0.763550317507,0.934461695088,0.840399509117
6,500,50,20,0.5,0.472224531515,0.800162498234,0.755401448033,0.946551285314,0.840240332195
6,500,50,20,0.75,0.476524182555,0.795711459658,0.753143626706,0.940251972512,0.836340722632
6,500,50,20,1,0.468921743431,0.804401582591,0.761269614338,0.943687961313,0.842699605009
6,500,100,5,0.5,0.475262349556,0.798148933164,0.753885414775,0.944896920336,0.838648746018
6,500,100,5,0.75,0.472807414565,0.800197823937,0.75710076233,0.942542631713,0.83968111896
6,500,100,5,1,0.470308195857,0.804754839621,0.761954579213,0.942988037669,0.842841988737
6,500,100,10,0.5,0.472183202344,0.800621732372,0.755769265752,0.946869432426,0.840592221508
6,500,100,10,0.75,0.473172140499,0.800586406669,0.754871913606,0.94896920336,0.840864955851
6,500,100,10,1,0.47120963661,0.800974989402,0.758607840291,0.941015525579,0.840002261112
6,500,100,20,0.5,0.473245026892,0.799950544016,0.75559632132,0.945533214558,0.839955812234
6,500,100,20,0.75,0.473005643213,0.799915218313,0.756365976573,0.943560702469,0.839645028557
6,500,100,20,1,0.473737197542,0.798007630352,0.754815109316,0.942224484602,0.838159741945
6,1000,25,5,0.5,0.433845493478,0.818708492299,0.777509005499,0.943433443624,0.852468894329
6,1000,25,5,0.75,0.430167530693,0.821534548538,0.781146965951,0.942669890557,0.854336394611
6,1000,25,5,1,0.431039636357,0.819803589091,0.779816941546,0.941206413846,0.852933857037
6,1000,25,10,0.5,0.431197447392,0.820156846121,0.7795992787,0.942542631713,0.853359462211
6,1000,25,10,0.75,0.433496951989,0.817860675427,0.77780370167,0.940633749046,0.851494932704
6,1000,25,10,1,0.432502997055,0.818708492299,0.777767918584,0.942860778824,0.852393454785
6,1000,25,20,0.5,0.431617842954,0.820651405963,0.779193831098,0.944706032069,0.853998299104
6,1000,25,20,0.75,0.432747566569,0.819485657765,0.777959713957,0.94445151438,0.853143383583
6,1000,25,20,1,0.431810369716,0.820227497527,0.781099576839,0.939488419445,0.853000717976
6,1000,50,5,0.5,0.433196886845,0.819167726438,0.777657758741,0.944260626114,0.852896104384
6,1000,50,5,0.75,0.433176522886,0.817931326833,0.777783683211,0.940888266735,0.851594258889
6,1000,50,5,1,0.429407988777,0.821287268617,0.77923958387,0.946169508781,0.854626973696
6,1000,50,10,0.5,0.434741062708,0.817330789883,0.776949170292,0.941206413846,0.851218644454
6,1000,50,10,0.75,0.435716394221,0.816871555744,0.775920103262,0.942288114024,0.851039016657
6,1000,50,10,1,0.430547313931,0.819238377844,0.778642352017,0.942351743446,0.85269903254
6,1000,50,20,0.5,0.435382556386,0.816659601526,0.775590985888,0.942479002291,0.850923497324
6,1000,50,20,0.75,0.430003094003,0.820439451745,0.778719472359,0.945151438025,0.853900430964
6,1000,50,20,1,0.432717774222,0.819273703547,0.779193374212,0.941206413846,0.85256766893
6,1000,100,5,0.5,0.433808044526,0.819697611982,0.7790136215,0.942669890557,0.853060956301
6,1000,100,5,0.75,0.432471172229,0.819061749329,0.778043991086,0.943178925935,0.852683741296
6,1000,100,5,1,0.428396726477,0.821817154161,0.781813560096,0.941969966913,0.85444487606
6,1000,100,10,0.5,0.435715236506,0.81694220715,0.775876158913,0.942606261135,0.851141327699
6,1000,100,10,0.75,0.429523439323,0.822947576657,0.783946266539,0.940251972512,0.855003925808
6,1000,100,10,1,0.431512598165,0.818991097923,0.779127092091,0.940633749046,0.852289977185
6,1000,100,20,0.5,0.433739405583,0.818355235269,0.777625887921,0.942288114024,0.852071293909
6,1000,100,20,0.75,0.430763167217,0.821181291508,0.780538981292,0.943115296513,0.854148495443
6,1000,100,20,1,0.432604246837,0.818991097923,0.77758129364,0.944006108425,0.852742332114
6,2000,25,5,0.5,0.396977140605,0.837007206443,0.801248766034,0.939488419445,0.864872609114
6,2000,25,5,0.75,0.395698673458,0.837183834958,0.800666890744,0.941015525579,0.865185224483
6,2000,25,5,1,0.396233236391,0.83873816589,0.803958272673,0.938343089845,0.865967973314
6,2000,25,10,0.5,0.393939038267,0.839126748622,0.802962186102,0.941206413846,0.866599701197
6,2000,25,10,0.75,0.393610330747,0.839480005652,0.804740815613,0.938661236956,0.866547924405
6,2000,25,10,1,0.394036620048,0.84039847393,0.803427654229,0.943369814202,0.867783801738
6,2000,25,20,0.5,0.400714047211,0.834675710047,0.797692485389,0.940824637312,0.863365522871
6,2000,25,20,0.75,0.394910322229,0.838844142998,0.802423717054,0.941588190379,0.866446481873
6,2000,25,20,1,0.389822464431,0.84135226791,0.804883218785,0.942860778824,0.868410727168
6,2000,50,5,0.5,0.398811930884,0.836159389572,0.799971045224,0.939933825401,0.86431859649
6,2000,50,5,0.75,0.39807442584,0.835558852621,0.799218716134,0.940061084245,0.863918456362
6,2000,50,5,1,0.392450968036,0.840327822524,0.805282219072,0.93961567829,0.867274003986
6,2000,50,10,0.5,0.393286975001,0.839868588385,0.803190561625,0.942542631713,0.867301363048
6,2000,50,10,0.75,0.395908544987,0.837466440582,0.799416875944,0.944133367269,0.865766445452
6,2000,50,10,1,0.396627584753,0.8376783948,0.8020895353,0.939424790023,0.865339006624
6,2000,50,20,0.5,0.392822221261,0.84135226791,0.805079051892,0.942415372868,0.868349513958
6,2000,50,20,0.75,0.395701783695,0.83697188074,0.800633330936,0.940570119623,0.864974641172
6,2000,50,20,1,0.395529882901,0.838455560266,0.801542855411,0.942415372868,0.866282330018
6,2000,100,5,0.5,0.393150049901,0.840645753851,0.805484165211,0.939997454823,0.86754832392
6,2000,100,5,0.75,0.39195252712,0.840363148227,0.803965127156,0.942224484602,0.867619159762
6,2000,100,5,1,0.394262947596,0.838455560266,0.801994443404,0.941460931535,0.866148958292
6,2000,100,10,0.5,0.397919153022,0.835735481136,0.799822245249,0.939233901756,0.863933177524
6,2000,100,10,0.75,0.392751426242,0.840539776742,0.803717193288,0.943115296513,0.867851313719
6,2000,100,10,1,0.390885888831,0.841175639395,0.804403724025,0.943369814202,0.868350644008
6,2000,100,20,0.5,0.397393134919,0.836477320899,0.799388455205,0.941842708068,0.864781217082
6,2000,100,20,0.75,0.391892489379,0.841528896425,0.806540439954,0.940061084245,0.868191827922
6,2000,100,20,1,0.394895419242,0.837855023315,0.803480172199,0.937197760244,0.865197855145
6,3000,25,5,0.5,0.378483182162,0.846792426169,0.81458241945,0.937452277933,0.871696870672
6,3000,25,5,0.75,0.376286428592,0.848064151477,0.814435526455,0.940697378468,0.873016960157
6,3000,25,5,1,0.376408286653,0.847216334605,0.814865665596,0.937897683889,0.872061270561
6,3000,25,10,0.5,0.37343573878,0.848947294051,0.815311423014,0.941142784424,0.873712623537
6,3000,25,10,0.75,0.379443377508,0.844884838208,0.811556479598,0.938533978111,0.870438097131
6,3000,25,10,1,0.376706435442,0.84668644906,0.81366748969,0.938852125223,0.871786847852
6,3000,25,20,0.5,0.377543962681,0.846509820545,0.81383622496,0.938152201578,0.871579974921
6,3000,25,20,0.75,0.380997831636,0.84407234704,0.811290065139,0.937134130822,0.869677200651
6,3000,25,20,1,0.37527786245,0.847922848665,0.813717793667,0.941651819801,0.873018128427
6,3000,50,5,0.5,0.381314168338,0.844743535396,0.811662247707,0.938024942734,0.870274055329
6,3000,50,5,0.75,0.375743727051,0.847251660308,0.813989523973,0.939679307712,0.872311251179
6,3000,50,5,1,0.378824707577,0.845273420941,0.811878068247,0.938852125223,0.870757458604
6,3000,50,10,0.5,0.379360290732,0.846297866328,0.813154595869,0.938915754645,0.871508071478
6,3000,50,10,0.75,0.377385829137,0.847251660308,0.813964790739,0.939679307712,0.872306115248
6,3000,50,10,1,0.37319775346,0.8483467571,0.815136779971,0.940124713668,0.873153271212
6,3000,50,20,0.5,0.380494066198,0.845873957892,0.812216797009,0.939679307712,0.8713039019
6,3000,50,20,0.75,0.377218411261,0.845944609298,0.813415802302,0.937579536778,0.871092861624
6,3000,50,20,1,0.377018411215,0.84537939805,0.81143188049,0.939933825401,0.870964635734
6,3000,100,5,0.5,0.376351741341,0.847781545853,0.814723293761,0.939488419445,0.872662777398
6,3000,100,5,0.75,0.378885107169,0.846227214922,0.813589782724,0.937961313311,0.871349000096
6,3000,100,5,1,0.375530574947,0.84739296312,0.815440765315,0.937388648511,0.872147333971
6,3000,100,10,0.5,0.377542466618,0.845909283595,0.812859513711,0.938597607534,0.871199876979
6,3000,100,10,0.75,0.378656320058,0.844990815317,0.811532352513,0.938852125223,0.870552773876
6,3000,100,10,1,0.374484817395,0.847004380387,0.814945180716,0.937261389667,0.871832444812
6,3000,100,20,0.5,0.380166770924,0.846721774763,0.814683332324,0.9370705014,0.871601317286
6,3000,100,20,0.75,0.377167129448,0.846933728981,0.812740708671,0.941206413846,0.872253885972
6,3000,100,20,1,0.371529653711,0.848311431397,0.815181215591,0.939933825401,0.873110701313
7,500,25,5,0.5,0.46382705389,0.805002119542,0.761512169863,0.944642402647,0.843235466586
7,500,25,5,0.75,0.467405321448,0.801646177759,0.75883089894,0.942160855179,0.840614638823
7,500,25,5,1,0.464359991033,0.802282040413,0.760225652174,0.940506490201,0.840805983878
7,500,25,10,0.5,0.46623737379,0.802882577363,0.759556501121,0.943751590736,0.841685429767
7,500,25,10,0.75,0.461740341263,0.805743959305,0.764590213191,0.939488419445,0.843021429869
7,500,25,10,1,0.463581835214,0.803730394235,0.762769393199,0.938343089845,0.841492370689
7,500,25,20,0.5,0.465857146919,0.802705948848,0.758384636666,0.946042249936,0.841881079301
7,500,25,20,0.75,0.464640219171,0.804012999859,0.762042572324,0.94076100789,0.842022104095
7,500,25,20,1,0.463867639821,0.804542885403,0.762064932358,0.942097225757,0.842556949222
7,500,50,5,0.5,0.461584594237,0.805637982196,0.762473718973,0.944006108425,0.84357914565
7,500,50,5,0.75,0.465738770963,0.801045640808,0.759884519971,0.938088572156,0.839626993066
7,500,50,5,1,0.462570414431,0.805426027978,0.763482379865,0.941079155001,0.84301188779
7,500,50,10,0.5,0.46620475674,0.803306485799,0.760821773541,0.941779078646,0.841683512258
7,500,50,10,0.75,0.464398779548,0.803589091423,0.761889319931,0.939997454823,0.841623198317
7,500,50,10,1,0.463561975874,0.801257595026,0.762138746153,0.933316365487,0.839083934618
7,500,50,20,0.5,0.465947049371,0.802988554472,0.759055873748,0.945215067447,0.841961206694
7,500,50,20,0.75,0.464110891385,0.80355376572,0.76183694592,0.940061084245,0.841600991763
7,500,50,20,1,0.460526908742,0.805814610711,0.766502941512,0.93509798931,0.842441131382
7,500,100,5,0.5,0.463621695571,0.806697753285,0.763894793895,0.943433443624,0.844219954445
7,500,100,5,0.75,0.462261060531,0.806415147661,0.764733173706,0.940824637312,0.843669400214
7,500,100,5,1,0.465169029596,0.802564646036,0.759854388841,0.942288114024,0.841261355505
7,500,100,10,0.5,0.464980242482,0.803412462908,0.761566893528,0.940315601934,0.84154608506
7,500,100,10,0.75,0.463090837577,0.804295605483,0.762218034678,0.941142784424,0.84227094507
7,500,100,10,1,0.463897262999,0.804012999859,0.763158727295,0.938152201578,0.841641110201
7,500,100,20,0.5,0.462983912274,0.806309170552,0.763247405199,0.943942479002,0.844027478206
7,500,100,20,0.75,0.465065226062,0.802317366116,0.76029792891,0.940570119623,0.840842908498
7,500,100,20,1,0.464563048137,0.803836371344,0.764575696245,0.934398065666,0.84098889564
7,1000,25,5,0.5,0.42239441906,0.827045358203,0.786943366838,0.944069737847,0.858373431058
7,1000,25,5,0.75,0.424702949537,0.823053553766,0.78339107666,0.941651819801,0.855261043402
7,1000,25,5,1,0.421117529907,0.824466581885,0.785333739672,0.941142784424,0.856194663827
7,1000,25,10,0.5,0.421390519588,0.826798078282,0.785815785645,0.94585136167,0.858434716937
7,1000,25,10,0.75,0.425570438888,0.821781828458,0.782694329005,0.939997454823,0.854154273316
7,1000,25,10,1,0.427344674934,0.821463897132,0.78308283635,0.938406719267,0.853731446915
7,1000,25,20,0.5,0.422971884458,0.823724742122,0.785450855472,0.938979384067,0.855380238986
7,1000,25,20,0.75,0.42423242064,0.821110640102,0.78348346369,0.936688724866,0.853249093395
7,1000,25,20,1,0.422720594851,0.823300833687,0.783563727824,0.94190633749,0.855467396631
7,1000,50,5,0.5,0.424308908653,0.824077999152,0.785960863226,0.9387884958,0.855601311367
7,1000,50,5,0.75,0.425244150802,0.822876925251,0.784327120227,0.939297531178,0.854832489846
7,1000,50,5,1,0.42593637015,0.820368800339,0.782528449212,0.936815983711,0.852741478487
7,1000,50,10,0.5,0.42380717591,0.822912250954,0.781319758154,0.945724102825,0.855696163539
7,1000,50,10,0.75,0.422030551836,0.824819838915,0.785590858183,0.941397302112,0.856464497921
7,1000,50,10,1,0.424425373084,0.822523668221,0.783336000659,0.940506490201,0.854739649409
7,1000,50,20,0.5,0.42323434282,0.825455701568,0.786015058822,0.942097225757,0.857004587913
7,1000,50,20,0.75,0.422588955334,0.822700296736,0.783251900608,0.941079155001,0.854940327385
7,1000,50,20,1,0.425391719846,0.821958456973,0.781809015508,0.942288114024,0.854578439674
7,1000,100,5,0.5,0.423533759045,0.822912250954,0.782901329167,0.942351743446,0.855255802144
7,1000,100,5,0.75,0.423920972129,0.824678536103,0.786129456165,0.939933825401,0.856173092416
7,1000,100,5,1,0.422781820596,0.823830719231,0.784369805975,0.941524560957,0.855788654496
7,1000,100,10,0.5,0.424785630103,0.82393669634,0.786417218405,0.937515907356,0.855341610771
7,1000,100,10,0.75,0.423124441123,0.823901370637,0.785446855907,0.939424790023,0.855561284994
7,1000,100,10,1,0.416912709452,0.829482831708,0.790086337836,0.943560702469,0.860028841416
7,1000,100,20,0.5,0.422508600244,0.826798078282,0.786955501616,0.943433443624,0.858117478129
7,1000,100,20,0.75,0.420664246052,0.826056238519,0.786579466981,0.942415372868,0.857463832947
7,1000,100,20,1,0.417672575586,0.828352409213,0.788701027981,0.943687961313,0.859252668614
7,2000,25,5,0.5,0.383586316589,0.845414723753,0.81092668833,0.940951896157,0.871111706121
7,2000,25,5,0.75,0.390591467834,0.839162074325,0.802932050733,0.94133367269,0.866641152114
7,2000,25,5,1,0.385786631756,0.841917479158,0.80862170744,0.937134130822,0.868127517823
7,2000,25,10,0.5,0.390178804826,0.840292496821,0.805504553896,0.939106642912,0.86717882662
7,2000,25,10,0.75,0.386676392676,0.841458245019,0.807998914295,0.937134130822,0.867782972112
7,2000,25,10,1,0.388870176133,0.839303377137,0.805970490279,0.935861542377,0.866061619447
7,2000,25,20,0.5,0.385843335614,0.842200084782,0.80726898889,0.940251972512,0.868693277245
7,2000,25,20,0.75,0.389175296835,0.83838490886,0.803230017192,0.938915754645,0.865784741242
7,2000,25,20,1,0.383414081295,0.844354952664,0.810138562124,0.939933825401,0.870218943961
7,2000,50,5,0.5,0.387746689565,0.843613112901,0.808531834971,0.941206413846,0.869835547189
7,2000,50,5,0.75,0.389875340046,0.838490885969,0.803785491793,0.938088572156,0.865753468675
7,2000,50,5,1,0.384632632463,0.842553341812,0.808585122501,0.938597607534,0.868751823949
7,2000,50,10,0.5,0.386395778633,0.842871273138,0.806477715467,0.943369814202,0.869559930863
7,2000,50,10,0.75,0.385780969389,0.843083227356,0.807099749569,0.942669890557,0.869629255054
7,2000,50,10,1,0.381574939461,0.844566906881,0.8111926384,0.938470348689,0.870200910354
7,2000,50,20,0.5,0.391179773038,0.838526211672,0.803941117263,0.937897683889,0.865761031666
7,2000,50,20,0.75,0.387083601675,0.840504451039,0.805339868953,0.939933825401,0.86744246243
7,2000,50,20,1,0.383011596715,0.845096792426,0.809329670901,0.943242555358,0.871162111126
7,2000,100,5,0.5,0.388688261254,0.839656634167,0.806098297582,0.936561466022,0.866429259016
7,2000,100,5,0.75,0.384724547983,0.843153878762,0.807934894779,0.941270043268,0.869513868039
7,2000,100,5,1,0.382892821645,0.843471810089,0.809204012397,0.93961567829,0.869544578515
7,2000,100,10,0.5,0.388287682803,0.84301257595,0.807413359226,0.94190633749,0.869484102967
7,2000,100,10,0.75,0.386863512117,0.842623993217,0.809067574746,0.937961313311,0.868739098866
7,2000,100,10,1,0.382608211683,0.845344072347,0.811953981817,0.938915754645,0.870818628339
7,2000,100,20,0.5,0.392145911657,0.836936555037,0.8009527284,0.939870195979,0.864864305889
7,2000,100,20,0.75,0.384125293996,0.844248975555,0.809132899157,0.941588190379,0.870345111212
7,2000,100,20,1,0.383492906762,0.844743535396,0.811282212053,0.938724866378,0.870361033364
7,3000,25,5,0.5,0.369053504944,0.850219019358,0.817435591112,0.94018834309,0.874524818033
7,3000,25,5,0.75,0.371495095636,0.849971739438,0.817829547777,0.938915754645,0.874195784204
7,3000,25,5,1,0.367073979675,0.851172813339,0.819209850598,0.939233901756,0.875118454549
7,3000,25,10,0.5,0.373107230845,0.851314116151,0.81971277846,0.938661236956,0.875158265585
7,3000,25,10,0.75,0.372297428056,0.848558711318,0.817562141649,0.936116060066,0.872831234793
7,3000,25,10,1,0.367887939626,0.852161933022,0.819259055967,0.941397302112,0.876090920936
7,3000,25,20,0.5,0.370674875952,0.8507135792,0.817512907229,0.941206413846,0.875008376853
7,3000,25,20,0.75,0.37379418289,0.847604917338,0.815373737594,0.937961313311,0.872364090204
7,3000,25,20,1,0.373057084573,0.847604917338,0.815426899489,0.937770425045,0.872327170906
7,3000,50,5,0.5,0.370558694698,0.851596721775,0.819434980703,0.939806566556,0.875496185994
7,3000,50,5,0.75,0.369981493462,0.848240779992,0.81543316144,0.939233901756,0.872959194116
7,3000,50,5,1,0.366653174633,0.851314116151,0.819661074445,0.938724866378,0.875160131754
7,3000,50,10,0.5,0.369935504373,0.852126607319,0.820831891278,0.938533978111,0.875739234795
7,3000,50,10,0.75,0.369657722326,0.850890207715,0.819690493723,0.937706795622,0.874730161338
7,3000,50,10,1,0.369792504076,0.84809947718,0.816039510335,0.937834054467,0.87269991849
7,3000,50,20,0.5,0.370954288557,0.849371202487,0.815038991151,0.942606261135,0.874189186245
7,3000,50,20,0.75,0.366866545766,0.850536950685,0.818603384673,0.938852125223,0.874604941283
7,3000,50,20,1,0.36498654344,0.852868447082,0.821180957563,0.93961567829,0.876408873415
7,3000,100,5,0.5,0.369791259571,0.849265225378,0.816849249964,0.939043013489,0.873686861237
7,3000,100,5,0.75,0.368042798202,0.850007065141,0.818578684301,0.9376431662,0.874069226732
7,3000,100,5,1,0.371275370609,0.847251660308,0.815034333443,0.937706795622,0.872069948056
7,3000,100,10,0.5,0.372627894795,0.850996184824,0.819143067918,0.938915754645,0.874948217314
7,3000,100,10,0.75,0.373655762865,0.847145683199,0.81462894138,0.938152201578,0.872036182765
7,3000,100,10,1,0.364877461968,0.853892892469,0.821819674071,0.940824637312,0.87729871321
7,3000,100,20,0.5,0.369437957288,0.851031510527,0.817757442032,0.941524560957,0.875283769853
7,3000,100,20,0.75,0.370190659645,0.848805991239,0.817534611353,0.936752354289,0.873087495494
7,3000,100,20,1,0.368389647022,0.85011304225,0.817896896382,0.939233901756,0.874355475768
