max_depth,n_trees,n_leaves,early_stopping,col_sample,l,a,p,r,f
4,4000,25,5,0.5,0.378460574799,0.848452734209,0.813391391668,0.943497073047,0.873623574909
4,4000,25,5,0.75,0.385075831077,0.841846827752,0.806766219024,0.940379231357,0.868462059922
4,4000,25,5,1,0.383226888709,0.844743535396,0.81056758108,0.940061084245,0.870518376418
4,4000,25,10,0.5,0.383719010681,0.845132118129,0.810821852994,0.940506490201,0.870857863772
4,4000,25,10,0.75,0.381678898738,0.844037021337,0.80944529884,0.940506490201,0.870061610252
4,4000,25,10,1,0.381608907222,0.84537939805,0.811104825135,0.940570119623,0.871048380138
4,4000,25,20,0.5,0.385722791953,0.843436484386,0.809639175531,0.938724866378,0.869412827231
4,4000,25,20,0.75,0.380424019771,0.846580471951,0.811725094966,0.942224484602,0.87211751679
4,4000,25,20,1,0.385833458535,0.839762611276,0.804076727856,0.940570119623,0.866982336688
4,4000,50,5,0.5,0.386287951763,0.841952804861,0.806591125021,0.940951896157,0.868603626911
4,4000,50,5,0.75,0.381921417888,0.844743535396,0.808633517198,0.943751590736,0.87097420207
4,4000,50,5,1,0.377272842831,0.848629362724,0.812525567564,0.945533214558,0.873991758589
4,4000,50,10,0.5,0.386597749303,0.841034336583,0.805716527802,0.940442860779,0.867878556578
4,4000,50,10,0.75,0.382441438383,0.844990815317,0.8118821111,0.938215831,0.870481611502
4,4000,50,10,1,0.384280445963,0.842765296029,0.807813954566,0.940570119623,0.869148501341
4,4000,50,20,0.5,0.387190612768,0.841458245019,0.804649796551,0.943497073047,0.868558940393
4,4000,50,20,0.75,0.387488330968,0.841281616504,0.80567733583,0.941142784424,0.868151955463
4,4000,50,20,1,0.383893198001,0.843259855871,0.809625424728,0.938343089845,0.869236720561
4,4000,100,5,0.5,0.382795575637,0.843648438604,0.810172947998,0.938215831,0.869502624832
4,4000,100,5,0.75,0.385211932657,0.841670199237,0.805875078034,0.941651819801,0.868483884818
4,4000,100,5,1,0.380303260977,0.846933728981,0.813217249972,0.940251972512,0.872130895532
4,4000,100,10,0.5,0.382041149067,0.845697329377,0.809937222125,0.943497073047,0.871623440974
4,4000,100,10,0.75,0.379461147187,0.846262540625,0.810199818481,0.944324255536,0.8721281513
4,4000,100,10,1,0.386657337086,0.8400452169,0.805892513745,0.937770425045,0.866837737281
4,4000,100,20,0.5,0.385729724689,0.842800621732,0.808897537079,0.938597607534,0.868933608543
4,4000,100,20,0.75,0.381612551771,0.844602232584,0.809984363687,0.940888266735,0.870521766643
4,4000,100,20,1,0.386319034974,0.843224530168,0.807991526296,0.94133367269,0.869574484233
4,5000,25,5,0.5,0.374604447255,0.846933728981,0.812238237191,0.942097225757,0.872356097131
4,5000,25,5,0.75,0.378906146275,0.84573265508,0.813734765961,0.9364978366,0.870808837226
4,5000,25,5,1,0.37458515949,0.849229899675,0.81500169536,0.942351743446,0.874057429093
4,5000,25,10,0.5,0.378532031073,0.845838632189,0.812003172334,0.939933825401,0.871294475552
4,5000,25,10,0.75,0.373708753603,0.848947294051,0.813829001519,0.94387884958,0.874036717283
4,5000,25,10,1,0.376696777421,0.845591352268,0.812770771358,0.937961313311,0.870883518098
4,5000,25,20,0.5,0.378358238322,0.845591352268,0.812327066378,0.9387884958,0.870987202976
4,5000,25,20,0.75,0.375708210957,0.847004380387,0.812643604187,0.941524560957,0.872334955816
4,5000,25,20,1,0.368028065987,0.852055955914,0.817360976898,0.944642402647,0.876393241188
4,5000,50,5,0.5,0.378746925654,0.845450049456,0.809579283653,0.943560702469,0.871449645022
4,5000,50,5,0.75,0.371923176273,0.848558711318,0.813668902674,0.943242555358,0.873671534612
4,5000,50,5,1,0.376797766266,0.846863077575,0.812210658626,0.942033596335,0.872302978398
4,5000,50,10,0.5,0.375609353896,0.847852197259,0.812988239002,0.942860778824,0.873109639737
4,5000,50,10,0.75,0.373905055793,0.850430973576,0.817626710492,0.940379231357,0.874708125774
4,5000,50,10,1,0.374828644254,0.848240779992,0.814800555232,0.940442860779,0.873111687326
4,5000,50,20,0.5,0.374489491121,0.848134802883,0.815410628761,0.939043013489,0.872863996638
4,5000,50,20,0.75,0.370120392718,0.851738024587,0.81820454002,0.942351743446,0.875894889746
4,5000,50,20,1,0.375563259426,0.846898403278,0.812816325261,0.940951896157,0.872194164165
4,5000,100,5,0.5,0.375499127695,0.847958174368,0.814300548168,0.940697378468,0.872938139554
4,5000,100,5,0.75,0.368454640488,0.852550515755,0.820043473611,0.940888266735,0.876317927406
4,5000,100,5,1,0.374576322464,0.846474494842,0.812883351982,0.939806566556,0.871747975612
4,5000,100,10,0.5,0.373891855812,0.849265225378,0.815558240348,0.941588190379,0.874006947525
4,5000,100,10,0.75,0.376716917038,0.847675568744,0.814629942537,0.939424790023,0.872582515049
4,5000,100,10,1,0.375397174421,0.847604917338,0.813606021872,0.941142784424,0.872733654261
4,5000,100,20,0.5,0.372810133619,0.849618482408,0.816483516149,0.940570119623,0.87413544176
4,5000,100,20,0.75,0.378319690134,0.844884838208,0.811073220307,0.939488419445,0.870557809287
4,5000,100,20,1,0.376782602402,0.846721774763,0.813054984789,0.940061084245,0.871953668074
5,4000,25,5,0.5,0.373632542421,0.849229899675,0.816179589835,0.94018834309,0.873799096949
5,4000,25,5,0.75,0.37930580211,0.845238095238,0.814015524081,0.934843471621,0.870246648483
5,4000,25,5,1,0.372351304448,0.84905327116,0.815998649194,0.940124713668,0.873670809268
5,4000,25,10,0.5,0.373629779214,0.848841316942,0.814738673342,0.941969966913,0.873734389964
5,4000,25,10,0.75,0.375706377117,0.846827751872,0.813811965746,0.938915754645,0.871896488022
5,4000,25,10,1,0.370756956646,0.850324996467,0.819143301241,0.937388648511,0.874281460134
5,4000,25,20,0.5,0.377850274191,0.846403843436,0.812811500342,0.939806566556,0.871700781801
5,4000,25,20,0.75,0.37495357077,0.845979935001,0.812935800301,0.938597607534,0.871244318022
5,4000,25,20,1,0.372609780171,0.849194573972,0.817192476971,0.938406719267,0.87358719698
5,4000,50,5,0.5,0.376112739637,0.847922848665,0.813095900116,0.942860778824,0.87316173306
5,4000,50,5,0.75,0.37437805235,0.848558711318,0.815457271359,0.939933825401,0.873282077272
5,4000,50,5,1,0.372232164725,0.849477179596,0.815748934758,0.941588190379,0.874158310544
5,4000,50,10,0.5,0.371482006615,0.850890207715,0.8169184694,0.94273351998,0.875319078389
5,4000,50,10,0.75,0.375569109959,0.847286986011,0.815264959478,0.937325019089,0.872041298554
5,4000,50,10,1,0.37797038163,0.846191889219,0.814058858744,0.937006871978,0.871211158642
5,4000,50,20,0.5,0.374448318279,0.848770665536,0.815353287802,0.940633749046,0.873511961784
5,4000,50,20,0.75,0.369269895072,0.850960859121,0.817816484633,0.941270043268,0.875200297842
5,4000,50,20,1,0.374088400105,0.849265225378,0.817011593454,0.9387884958,0.873671566185
5,4000,100,5,0.5,0.372668053109,0.849265225378,0.816925204636,0.938915754645,0.873678844284
5,4000,100,5,0.75,0.378210528018,0.846227214922,0.812810901821,0.939424790023,0.871526633857
5,4000,100,5,1,0.3736852925,0.84809947718,0.815481598334,0.938852125223,0.87282188862
5,4000,100,10,0.5,0.376550904718,0.846969054684,0.812385261982,0.941969966913,0.872377562556
5,4000,100,10,0.75,0.370715462617,0.852091281617,0.818784772118,0.942097225757,0.876121964367
5,4000,100,10,1,0.373373124285,0.849689133814,0.816978923426,0.939806566556,0.874095531544
5,4000,100,20,0.5,0.374005507229,0.849441853893,0.816447506913,0.94018834309,0.873957247189
5,4000,100,20,0.75,0.375135717208,0.847145683199,0.813165225653,0.940888266735,0.872370074321
5,4000,100,20,1,0.372226849666,0.850219019358,0.817137923238,0.94076100789,0.874595133886
5,5000,25,5,0.5,0.369090976356,0.85106683623,0.818401360442,0.940506490201,0.875201698734
5,5000,25,5,0.75,0.366131596372,0.850501624982,0.816703297807,0.942224484602,0.874977672726
5,5000,25,5,1,0.367333659837,0.852091281617,0.82123743358,0.937706795622,0.875613901139
5,5000,25,10,0.5,0.36630740997,0.853857566766,0.822067472767,0.940315601934,0.877215006961
5,5000,25,10,0.75,0.366227654415,0.851596721775,0.819286426415,0.940061084245,0.875526033012
5,5000,25,10,1,0.370687966694,0.848594037021,0.815044200857,0.940824637312,0.873417894067
5,5000,25,20,0.5,0.369397201159,0.850324996467,0.818843565518,0.937961313311,0.87434593568
5,5000,25,20,0.75,0.36787394271,0.852232584428,0.81991026126,0.940442860779,0.876040181947
5,5000,25,20,1,0.36922907001,0.850219019358,0.818689875156,0.937961313311,0.874270104071
5,5000,50,5,0.5,0.369364361047,0.849865762329,0.816350385593,0.941397302112,0.874420412092
5,5000,50,5,0.75,0.3733265905,0.848134802883,0.815287644435,0.939297531178,0.872899772818
5,5000,50,5,1,0.368999401921,0.85177335029,0.821294194097,0.936879613133,0.875283233816
5,5000,50,10,0.5,0.367468658962,0.852020630211,0.81888156875,0.941842708068,0.876048737774
5,5000,50,10,0.75,0.365023873242,0.854811360746,0.821871782583,0.942860778824,0.878212953983
5,5000,50,10,1,0.368679367188,0.851208139042,0.819113025928,0.939488419445,0.875168967485
5,5000,50,20,0.5,0.369071734291,0.851490744666,0.81864548087,0.940951896157,0.875546902425
5,5000,50,20,0.75,0.367539983198,0.851384767557,0.819394099561,0.939361160601,0.875285620711
5,5000,50,20,1,0.365546859749,0.852479864349,0.819676577616,0.941397302112,0.876328236563
5,5000,100,5,0.5,0.366718716624,0.851914653102,0.819501260233,0.940506490201,0.875827015618
5,5000,100,5,0.75,0.370376056249,0.850925533418,0.818445577621,0.939997454823,0.875018695135
5,5000,100,5,1,0.363941206471,0.853186378409,0.820128588877,0.942224484602,0.876942453186
5,5000,100,10,0.5,0.367357006323,0.851102161933,0.819291967248,0.938915754645,0.875028201848
5,5000,100,10,0.75,0.365943374677,0.85237388724,0.821567201887,0.937770425045,0.875828949017
5,5000,100,10,1,0.367003731289,0.851172813339,0.818805246019,0.939933825401,0.875197121121
5,5000,100,20,0.5,0.374884251383,0.846651123357,0.816702779309,0.933252736065,0.871094024973
5,5000,100,20,0.75,0.367940385968,0.851137487636,0.816903184333,0.94330618478,0.875561585828
5,5000,100,20,1,0.36725455055,0.850890207715,0.82112742562,0.935225248155,0.874443465072
6,4000,25,5,0.5,0.373614835051,0.847816871556,0.816196864446,0.936943242555,0.872399031998
6,4000,25,5,0.75,0.36692552418,0.851208139042,0.819447720749,0.938915754645,0.875107989568
6,4000,25,5,1,0.367266166874,0.851102161933,0.818434661956,0.940442860779,0.875204251219
6,4000,25,10,0.5,0.368858956743,0.850678253497,0.8186005315,0.939170272334,0.874745484254
6,4000,25,10,0.75,0.366513814146,0.851985304508,0.819589442905,0.940442860779,0.875850720485
6,4000,25,10,1,0.367263396872,0.850854882012,0.819611358462,0.937770425045,0.874715353778
6,4000,25,20,0.5,0.370192265426,0.852303235834,0.81991088355,0.940570119623,0.876101093637
6,4000,25,20,0.75,0.367309955789,0.85142009326,0.820047639247,0.938279460422,0.875185093965
6,4000,25,20,1,0.365720880194,0.850890207715,0.819044483798,0.938852125223,0.874863287087
6,4000,50,5,0.5,0.365316980394,0.852974424191,0.820667386052,0.94076100789,0.876616106381
6,4000,50,5,0.75,0.364275598084,0.852797795676,0.820576419076,0.940506490201,0.876456849744
6,4000,50,5,1,0.365788045587,0.851879327399,0.820146200511,0.939170272334,0.875624960285
6,4000,50,10,0.5,0.365038357555,0.851949978805,0.819558306164,0.940379231357,0.875818080755
6,4000,50,10,0.75,0.366675778699,0.851949978805,0.82076244559,0.938215831,0.875565605137
6,4000,50,10,1,0.367953347285,0.851243464745,0.821062884482,0.936116060066,0.874812810377
6,4000,50,20,0.5,0.365695183719,0.853610286845,0.822590754065,0.9387884958,0.876855435051
6,4000,50,20,0.75,0.369095413294,0.851208139042,0.818821272465,0.940061084245,0.875246271466
6,4000,50,20,1,0.369429578243,0.851314116151,0.819381880158,0.939297531178,0.875241082907
6,4000,100,5,0.5,0.36630222619,0.851702698884,0.820985538889,0.937261389667,0.875274963929
6,4000,100,5,0.75,0.36631511106,0.849547831002,0.81707653946,0.939297531178,0.87393152121
6,4000,100,5,1,0.366245849182,0.851738024587,0.820457659549,0.938279460422,0.875416958093
6,4000,100,10,0.5,0.369185990076,0.850536950685,0.81753393037,0.94076100789,0.874826289669
6,4000,100,10,0.75,0.373762936055,0.849441853893,0.820185453121,0.933507253754,0.873179785857
6,4000,100,10,1,0.363637964787,0.854140172389,0.823316920858,0.938724866378,0.877241329301
6,4000,100,20,0.5,0.365194410664,0.853610286845,0.821018041684,0.941651819801,0.877193699317
6,4000,100,20,0.75,0.368502327105,0.850254345061,0.818478183757,0.938470348689,0.874358987636
6,4000,100,20,1,0.375246455096,0.847004380387,0.816910496643,0.933698142021,0.871406777095
6,5000,25,5,0.5,0.359816202715,0.855765154727,0.824824653885,0.939806566556,0.878567671351
6,5000,25,5,0.75,0.364329341326,0.853398332627,0.82345423622,0.936815983711,0.876479123141
6,5000,25,5,1,0.371351967752,0.849936413735,0.819904153637,0.93509798931,0.873717651538
6,5000,25,10,0.5,0.362338478262,0.854599406528,0.823195195559,0.939997454823,0.877726847903
6,5000,25,10,0.75,0.361841183486,0.853645612548,0.822830434092,0.938470348689,0.876850589836
6,5000,25,10,1,0.357970529399,0.85604776035,0.826244725788,0.937961313311,0.878562916715
6,5000,25,20,0.5,0.365114082065,0.853363006924,0.823534420404,0.936561466022,0.876418643785
6,5000,25,20,0.75,0.360758182509,0.855305920588,0.825276632612,0.937961313311,0.878015603501
6,5000,25,20,1,0.362480367846,0.854104846686,0.823106215826,0.939043013489,0.877256057793
6,5000,50,5,0.5,0.366741895058,0.852797795676,0.820153074248,0.941270043268,0.87654548282
6,5000,50,5,0.75,0.362904606168,0.853963543875,0.821408369047,0.941779078646,0.877469016834
6,5000,50,5,1,0.361179359543,0.854670057934,0.823825071217,0.939043013489,0.877666645379
6,5000,50,10,0.5,0.364044519041,0.85177335029,0.820933088771,0.937515907356,0.875354535137
6,5000,50,10,0.75,0.365033383917,0.852020630211,0.821616761968,0.936879613133,0.875467905106
6,5000,50,10,1,0.361161718951,0.857142857143,0.827296184485,0.938661236956,0.879460454782
6,5000,50,20,0.5,0.364177699413,0.853998869578,0.821409038548,0.941842708068,0.877501288923
6,5000,50,20,0.75,0.3627127684,0.855977108944,0.826190299836,0.937897683889,0.878504484938
6,5000,50,20,1,0.363331948569,0.852020630211,0.820926068056,0.938088572156,0.875603337382
6,5000,100,5,0.5,0.361731514772,0.854811360746,0.823553839222,0.939870195979,0.877868874495
6,5000,100,5,0.75,0.368757928927,0.851632047478,0.82124581091,0.936625095444,0.875145463659
6,5000,100,5,1,0.367308033069,0.850183693656,0.820682884973,0.934334436243,0.873821222814
6,5000,100,10,0.5,0.361491681278,0.8554472234,0.825462202079,0.937961313311,0.8781203158
6,5000,100,10,0.75,0.363233755346,0.853857566766,0.821736582329,0.940888266735,0.877279598315
6,5000,100,10,1,0.365149915836,0.850784230606,0.820084145588,0.936752354289,0.874541314162
6,5000,100,20,0.5,0.35877140549,0.856330365974,0.824586638178,0.941524560957,0.879180827503
6,5000,100,20,0.75,0.366691251459,0.851384767557,0.82236789246,0.934079918554,0.874664882555
6,5000,100,20,1,0.36157344637,0.854175498092,0.821691685684,0.941715449224,0.877611716771
7,4000,25,5,0.5,0.363011094975,0.853998869578,0.821625891843,0.941397302112,0.877436606396
7,4000,25,5,0.75,0.361468422246,0.854987989261,0.824429264527,0.938724866378,0.877863621223
7,4000,25,5,1,0.360362655581,0.856824925816,0.826880446095,0.938661236956,0.879222736469
7,4000,25,10,0.5,0.36481554252,0.854952663558,0.824690273093,0.938215831,0.877792112441
7,4000,25,10,0.75,0.367983507793,0.850536950685,0.820294340575,0.935861542377,0.874260401256
7,4000,25,10,1,0.359670009914,0.85509396637,0.825171425278,0.937706795622,0.877832177353
7,4000,25,20,0.5,0.365274142499,0.85177335029,0.820696564155,0.937961313311,0.875414402346
7,4000,25,20,0.75,0.364308631614,0.852833121379,0.823644949564,0.935161618733,0.875862540133
7,4000,25,20,1,0.369400994852,0.850996184824,0.820796140433,0.935988801222,0.874612000598
7,4000,50,5,0.5,0.361664691726,0.855235269182,0.824038553505,0.939997454823,0.878201998782
7,4000,50,5,0.75,0.364440447376,0.855588526212,0.824781541977,0.939488419445,0.878400414747
7,4000,50,5,1,0.366500598345,0.851667373181,0.823284935748,0.933125477221,0.87476744164
7,4000,50,10,0.5,0.368186047628,0.84975978522,0.820091821076,0.934398065666,0.873511823329
7,4000,50,10,0.75,0.368907625043,0.850925533418,0.820452443802,0.936434207177,0.874611693197
7,4000,50,10,1,0.362820927506,0.85403419528,0.824462207595,0.9364978366,0.876909331816
